1	1
1	2
1	3
1	4
1	5
1	6
1	7
1	8
1	9
1	10
1	3
1	11
1	4
1	12
1	13
1	14
2	47
2	31
2	237
2	238
2	36
2	239
2	240
2	241
2	242
2	240
2	243
2	244
2	242
2	240
2	243
2	244
2	242
2	240
2	243
2	244
2	245
2	246
2	247
2	139
2	248
2	249
2	250
2	116
2	177
3	126
3	346
3	68
3	347
2	348
2	349
2	350
2	351
2	352
2	348
2	349
2	350
2	349
2	353
2	351
2	348
2	354
2	355
2	348
2	349
2	356
2	354
2	350
2	353
2	351
2	348
2	349
2	350
2	351
2	357
2	358
2	348
2	349
2	350
2	351
2	359
2	348
2	349
2	354
2	360
2	353
2	350
2	351
2	361
2	362
2	348
2	349
2	350
2	351
2	363
2	364
2	357
2	348
2	349
2	365
2	364
2	357
2	348
2	349
2	365
2	366
2	348
2	349
2	348
2	349
2	358
2	348
2	349
2	366
2	357
2	348
2	349
2	365
2	357
2	348
2	349
2	365
2	348
2	349
2	349
2	367
2	368
2	369
2	348
2	349
2	350
2	351
2	370
2	371
2	372
2	348
2	349
2	350
2	351
2	373
2	358
2	349
2	348
2	349
2	350
2	351
2	374
2	348
2	349
2	350
2	351
2	375
2	358
2	348
2	349
2	350
2	351
2	348
2	349
2	350
2	351
4	376
4	149
5	494
5	495
5	139
5	496
5	247
5	497
5	498
5	499
5	247
5	220
5	59
5	500
5	59
5	500
5	501
5	502
5	3
5	503
6	514
6	177
6	515
6	516
6	517
6	518
6	519
6	177
7	384
6	344
6	520
6	521
6	53
6	522
6	523
6	514
6	177
6	515
6	516
6	517
6	518
6	519
6	523
6	177
6	524
6	328
6	525
6	526
6	527
6	293
6	528
6	529
6	530
6	531
6	177
6	532
6	87
6	533
6	50
6	534
6	152
6	535
6	43
6	536
6	537
6	538
6	533
6	539
6	540
6	541
6	542
6	543
6	50
6	540
6	152
6	537
6	538
6	293
6	544
6	545
8	50
8	546
8	547
8	289
8	548
8	549
8	50
8	550
8	289
8	551
8	50
8	246
8	526
8	552
8	553
8	74
8	554
8	198
8	50
8	246
8	526
8	552
8	553
8	50
8	534
8	43
8	536
8	555
8	384
8	534
8	556
8	83
8	536
8	557
8	558
8	559
8	560
8	561
8	145
8	458
8	562
1	1
1	602
1	17
1	1
1	602
1	17
4	3
4	7
4	603
4	604
4	7
4	395
4	396
4	7
4	395
4	396
4	56
4	605
4	606
4	445
4	607
10	608
10	609
10	610
10	611
10	612
10	608
10	613
10	609
10	614
10	611
10	612
10	615
9	616
9	74
9	617
9	616
9	74
9	617
9	28
9	149
9	53
9	50
9	229
9	618
9	619
9	620
9	250
9	621
1	624
1	77
1	73
11	625
11	626
11	627
11	625
11	628
11	629
11	630
11	631
12	632
12	555
12	12
12	555
12	12
12	555
12	12
12	633
12	555
12	12
12	632
12	555
12	12
12	632
12	632
12	555
12	12
12	633
12	633
12	633
12	633
12	633
12	633
12	633
12	633
12	633
12	633
12	633
12	633
12	633
12	633
12	633
12	633
12	633
12	633
12	633
12	633
12	633
12	633
12	633
12	633
12	634
13	633
13	633
13	633
13	633
13	633
13	633
13	633
13	633
13	633
13	633
13	633
13	633
13	633
13	633
13	633
13	633
13	633
13	633
13	633
13	633
13	633
13	633
13	633
13	633
13	633
13	633
13	633
13	633
13	633
13	633
13	633
13	633
13	633
13	633
13	633
13	633
13	633
13	633
13	633
13	633
13	633
13	633
13	633
13	633
13	633
13	633
13	633
13	633
13	633
13	633
13	633
13	633
13	633
13	633
13	633
13	633
13	633
13	633
13	633
13	633
13	633
13	633
13	633
13	633
13	633
13	633
13	633
13	633
13	633
13	633
13	633
13	633
13	633
13	633
13	633
13	633
13	633
13	633
13	633
13	633
13	633
13	633
13	633
13	633
13	633
13	633
13	633
13	633
13	633
13	633
13	633
13	633
13	633
13	633
13	633
13	633
13	633
13	633
13	633
13	633
13	633
13	633
13	633
13	633
13	633
13	633
13	633
13	633
13	633
13	633
13	633
13	633
13	633
13	633
13	633
13	633
13	633
13	633
13	633
13	633
13	633
13	633
13	633
13	633
13	633
13	633
13	633
13	633
13	633
13	633
13	633
13	633
13	633
13	633
13	633
13	633
13	633
13	633
13	633
13	633
13	633
13	633
13	633
13	635
13	636
13	637
13	638
13	469
13	117
13	639
13	640
14	641
14	642
14	643
14	644
15	645
15	646
15	245
15	645
15	237
15	647
15	91
15	648
15	645
15	649
15	59
15	7
15	9
15	500
12	245
12	80
12	246
1	1
1	73
16	650
16	12
16	651
16	117
16	652
16	653
16	502
16	19
1	1
1	2
1	1
1	73
1	654
1	655
1	1
1	73
1	656
1	1
1	657
1	633
1	633
1	633
1	633
1	19
1	658
1	47
1	633
1	633
1	633
1	633
1	633
1	247
1	139
1	140
1	633
1	633
1	633
1	633
1	633
1	633
1	633
1	633
1	633
1	633
1	633
1	633
1	633
1	633
1	633
1	633
1	633
1	633
1	633
1	633
1	633
1	633
1	633
1	633
1	568
1	659
1	660
1	12
1	129
1	633
1	633
1	633
1	633
1	633
1	633
1	633
1	633
1	633
1	633
1	633
1	633
1	633
1	633
1	633
1	633
1	633
1	633
1	633
1	633
1	633
1	633
1	633
1	633
1	633
1	633
1	633
1	633
1	633
1	633
1	633
1	633
1	633
1	633
1	633
1	633
1	633
1	633
1	633
1	633
1	633
1	633
1	633
1	633
1	633
1	633
1	633
1	633
1	633
1	633
1	633
1	633
1	633
1	633
1	633
1	633
1	633
1	633
1	633
1	633
1	633
1	633
1	633
1	633
1	633
1	633
1	633
1	633
1	633
1	633
1	633
1	633
1	633
1	633
1	633
1	633
1	633
1	633
1	633
1	633
1	633
1	633
1	633
1	633
1	633
1	633
1	633
1	633
1	633
1	633
1	633
1	633
1	633
1	633
1	633
1	633
1	633
1	633
1	633
1	633
1	633
1	633
1	633
1	633
1	633
1	633
1	633
1	633
1	633
1	633
1	633
1	633
1	633
1	633
1	661
1	22
1	633
1	633
1	633
1	633
1	633
1	633
1	633
1	633
1	633
1	633
1	633
1	633
1	633
1	633
1	633
1	633
1	633
1	633
1	633
1	633
1	633
1	633
1	633
1	633
1	633
1	633
1	633
1	633
1	633
1	633
1	633
1	633
1	633
1	633
1	633
1	633
1	633
1	633
1	633
1	633
1	633
1	633
1	633
1	633
1	633
1	633
1	633
1	633
1	633
1	633
1	633
1	633
1	633
1	633
1	633
12	662
12	663
12	664
12	665
12	666
12	667
12	550
12	668
12	559
12	669
12	384
12	91
12	192
12	670
12	53
12	671
12	672
12	673
12	674
12	675
12	394
12	676
12	6
12	432
12	677
12	12
12	139
12	670
12	245
12	246
12	678
12	679
12	670
12	680
12	401
12	172
12	384
12	139
12	9
12	72
12	681
12	682
12	47
12	683
12	12
12	684
12	685
12	385
12	555
12	12
12	515
12	686
12	245
12	3
12	4
12	687
12	222
12	72
12	688
12	53
12	4
12	689
12	232
12	690
12	691
12	4
12	692
12	521
12	693
12	53
12	686
12	59
12	384
12	694
12	695
12	696
12	296
12	697
12	198
12	681
12	690
12	47
12	523
12	117
12	697
12	698
12	36
12	699
12	700
12	701
12	702
12	172
12	245
12	683
12	703
12	139
12	441
12	9
12	117
12	6
12	36
12	198
12	245
12	763
12	764
12	117
12	21
17	765
17	91
17	91
17	91
17	766
17	767
17	200
17	768
17	769
17	766
17	767
17	200
17	768
17	769
17	770
17	91
17	524
17	771
17	771
17	771
17	772
17	155
17	773
17	772
17	155
17	773
17	766
17	49
17	49
17	101
17	68
17	68
17	101
17	101
17	128
17	774
17	775
17	776
17	524
15	39
15	187
15	771
15	771
17	777
17	778
17	252
17	155
17	777
17	155
17	131
17	53
17	778
17	155
17	131
17	53
17	154
17	779
17	777
17	780
17	155
17	781
17	777
17	155
17	781
9	782
9	783
18	633
18	633
18	633
18	633
18	633
18	633
18	633
18	633
18	633
18	633
18	633
18	633
18	633
18	633
18	633
18	633
18	633
18	633
18	633
18	633
18	633
18	633
18	633
18	633
18	633
18	633
18	633
18	633
18	633
18	633
18	633
18	633
18	633
18	633
18	633
18	633
18	633
18	633
18	633
18	633
18	633
18	633
18	633
18	633
18	633
18	633
18	633
18	633
18	633
18	633
18	633
18	633
18	633
18	633
18	633
18	633
18	633
18	633
18	633
18	633
18	633
18	633
18	633
18	633
18	633
18	633
18	633
18	633
18	633
18	633
18	633
18	633
18	633
18	633
18	633
18	633
18	633
18	633
18	633
18	633
18	633
18	633
18	633
18	633
18	633
18	633
18	633
18	633
18	633
18	633
18	633
18	633
18	633
18	633
18	633
18	633
18	633
18	633
18	633
18	633
18	633
18	633
18	633
18	633
18	633
18	633
18	633
18	633
18	633
18	633
18	633
18	633
18	633
18	633
18	633
18	633
18	633
18	633
18	633
18	633
18	633
18	633
18	633
18	633
18	633
18	633
18	633
18	633
18	633
18	633
18	633
18	633
18	633
18	633
18	633
18	633
18	633
18	633
18	633
18	633
18	633
18	633
18	633
18	633
18	633
18	633
18	633
18	633
18	633
18	633
18	633
18	633
18	633
18	633
18	633
18	633
18	633
18	633
18	633
18	633
18	633
18	633
18	633
18	633
18	633
18	633
18	633
18	633
18	633
18	633
18	633
18	633
18	633
18	633
18	633
18	633
18	633
18	633
18	633
18	633
18	633
18	633
18	633
18	633
18	633
18	633
18	633
18	633
18	633
18	633
18	633
18	633
18	633
18	633
18	633
18	633
18	633
18	633
18	633
18	633
18	633
18	633
18	633
18	633
18	633
18	633
18	633
18	633
18	633
18	633
18	633
18	633
18	633
18	633
18	633
18	633
18	633
18	633
18	633
18	633
18	633
18	633
18	633
18	633
18	633
18	633
18	633
18	633
18	633
18	633
18	633
18	633
18	633
18	633
18	633
18	633
18	633
18	633
18	633
18	633
18	633
18	633
18	633
18	633
18	633
18	633
18	633
18	633
18	633
18	633
18	633
18	633
18	633
18	633
18	633
18	633
18	633
18	633
18	633
18	633
18	633
18	633
18	633
18	633
18	633
18	633
18	633
18	633
18	633
18	633
18	633
18	633
18	633
18	633
18	633
18	633
18	633
18	633
18	633
18	633
18	633
18	633
18	47
18	784
18	785
18	129
18	247
18	387
18	499
18	6
18	786
18	387
18	787
18	788
18	789
18	303
18	790
18	791
18	172
18	792
18	303
18	793
18	794
18	795
18	796
18	797
18	798
18	799
18	308
18	798
18	417
18	308
18	30
18	798
18	308
18	798
18	800
18	798
18	417
18	801
18	308
18	798
18	802
18	803
18	798
18	802
18	803
18	804
18	802
18	803
18	308
18	798
18	805
18	803
18	806
18	803
18	308
18	798
18	803
18	807
18	808
18	807
18	809
18	806
18	245
18	247
18	140
18	633
18	810
18	811
18	129
18	117
18	633
18	633
18	633
18	633
18	633
18	633
18	633
18	633
18	633
18	633
18	633
18	633
18	633
18	633
18	633
18	633
18	633
18	633
18	633
18	633
18	633
18	633
18	633
18	633
18	633
18	633
18	633
18	633
18	633
18	633
18	633
18	633
18	633
18	633
18	633
18	633
18	633
18	633
18	633
18	633
18	633
18	633
18	633
18	633
18	633
18	633
18	633
18	633
18	633
18	633
18	633
18	633
18	633
18	633
18	633
18	633
18	633
18	633
18	633
18	633
18	633
18	633
18	633
18	633
18	633
18	633
18	633
18	633
18	633
18	633
18	633
18	633
18	633
18	633
18	633
18	633
18	633
18	633
18	633
18	633
18	633
18	633
18	633
18	633
18	633
18	633
18	633
18	633
18	633
18	633
18	633
18	633
18	633
18	633
18	633
18	633
18	633
18	633
18	633
18	633
18	633
18	633
18	633
18	633
18	633
18	633
18	633
18	633
18	633
18	633
18	633
18	633
18	633
18	633
18	633
18	633
18	633
18	633
18	633
18	633
18	633
18	633
18	633
18	633
18	633
18	633
18	633
18	633
18	633
18	633
18	633
18	633
18	633
18	633
18	633
18	633
18	633
18	633
18	633
18	633
18	633
18	633
18	633
18	633
18	633
18	633
18	633
18	633
18	633
19	4
15	771
15	771
15	771
15	771
15	812
15	813
4	812
4	217
4	814
4	815
15	645
15	697
15	59
15	645
15	581
15	72
15	59
15	581
15	816
15	72
15	198
15	47
15	12
15	645
15	72
15	47
15	12
15	645
15	47
15	12
15	645
15	70
15	817
15	12
15	645
15	47
15	818
15	36
15	482
15	47
15	645
15	36
15	385
15	819
15	51
15	83
15	482
15	142
15	820
15	83
15	47
15	12
15	645
15	7
15	9
15	9
15	821
15	187
15	47
15	822
15	237
15	9
15	500
15	36
15	9
15	823
15	36
15	47
15	7
15	824
15	9
15	823
15	36
15	47
15	645
15	824
15	237
15	816
15	7
15	9
15	825
15	826
15	827
15	47
15	828
15	829
15	36
15	172
15	245
15	59
15	645
15	172
15	276
15	830
15	831
15	47
15	237
15	832
15	47
15	7
15	9
15	832
15	833
15	645
15	833
15	581
15	833
15	116
15	9
15	237
15	834
15	116
15	833
15	177
15	830
15	834
15	835
15	187
15	836
15	523
15	837
15	838
15	402
15	839
15	645
15	840
15	59
15	7
15	9
15	315
15	49
15	80
15	50
15	377
15	59
15	841
15	59
15	842
15	315
15	843
15	32
15	47
15	844
15	205
15	845
15	846
15	847
15	66
15	846
15	847
15	56
15	85
15	315
15	293
15	187
15	848
15	293
15	158
15	846
15	847
15	846
15	847
15	849
15	850
15	342
15	83
15	245
15	851
15	852
15	829
15	229
15	56
15	85
15	818
15	51
15	581
15	696
15	853
15	806
15	72
15	854
15	855
15	59
15	9
15	174
15	856
15	175
15	857
15	645
15	858
15	681
15	76
15	859
15	705
15	192
15	860
15	47
15	698
15	36
15	187
15	245
15	316
15	70
15	316
15	83
15	861
15	47
15	395
15	47
15	810
15	13
15	12
15	810
15	91
15	862
15	192
15	47
15	12
15	83
15	36
15	385
15	487
15	863
15	76
15	50
15	83
15	864
15	247
15	139
15	156
15	247
15	139
15	245
15	19
15	47
15	56
15	36
15	47
15	865
15	866
15	36
15	245
15	828
15	9
15	849
15	56
15	334
15	55
15	528
15	305
15	307
15	47
15	50
15	12
15	867
15	36
15	868
15	229
15	869
15	684
15	868
15	870
15	187
15	50
15	867
15	649
15	645
15	871
15	111
15	36
15	47
15	12
15	861
15	36
15	385
15	47
15	872
15	36
15	173
15	873
15	874
15	873
15	874
15	528
15	305
15	307
15	59
15	7
15	9
15	377
15	139
15	761
15	875
15	645
15	36
15	245
15	871
15	876
15	83
15	523
15	871
15	83
15	36
15	47
15	190
15	36
15	47
15	866
15	36
15	877
15	878
15	117
15	878
15	117
15	36
15	47
15	879
15	866
15	878
15	36
15	47
15	237
15	83
15	36
15	47
15	523
15	36
15	385
15	47
15	70
15	237
15	36
15	385
15	523
15	83
15	185
15	12
15	645
15	139
15	528
15	187
15	307
15	395
15	316
15	417
15	500
15	245
15	880
15	377
15	401
15	7
15	330
15	9
15	117
15	4
15	53
19	50
19	229
19	101
1	247
1	968
15	59
15	7
15	9
15	969
19	4
21	445
21	970
21	971
21	972
1	33
1	973
1	32
1	33
1	205
1	973
22	974
22	492
22	975
22	976
22	977
22	978
22	979
2	348
2	349
2	350
2	351
6	980
6	981
6	218
4	379
4	982
4	117
4	495
4	983
4	416
4	103
4	103
4	452
4	384
4	984
4	985
4	588
4	986
4	987
4	987
4	32
4	988
4	81
4	507
4	989
4	512
4	990
4	991
4	992
4	993
4	12
4	994
4	172
4	117
4	172
4	117
4	866
4	998
4	122
4	999
4	1000
4	379
4	1001
4	633
4	12
4	437
4	1002
4	278
4	1003
4	633
4	1004
4	1005
4	1006
4	633
4	633
4	172
4	1007
4	1008
4	299
4	313
4	1009
4	245
4	1010
4	441
4	1011
4	1012
4	245
4	172
4	445
4	393
4	1012
4	1013
4	1014
4	172
4	759
4	212
4	1015
4	1016
4	441
4	1018
4	30
4	1019
4	1020
4	1021
4	1022
4	1023
4	729
4	1024
4	633
4	172
4	1025
4	441
4	378
4	172
4	1026
4	737
4	1027
4	1028
4	378
4	1029
4	250
4	1030
4	378
4	633
4	633
4	633
4	1031
4	1032
4	505
4	507
4	495
4	1033
4	1034
4	469
4	1035
4	57
4	1036
4	445
4	447
4	12
4	117
4	172
4	1037
4	806
4	1038
4	1039
4	56
4	156
4	441
4	1040
4	378
4	441
4	1041
4	1042
4	378
4	633
4	633
4	172
4	1043
4	1044
4	1045
4	1046
4	1047
4	1048
4	172
4	1049
4	1028
4	378
4	463
4	452
4	633
4	172
4	445
4	1050
4	1008
4	469
4	299
4	1051
4	633
4	737
4	1052
4	999
4	1053
4	1054
4	499
4	172
4	1055
4	1021
4	1056
4	279
4	633
4	633
4	1033
4	172
4	661
4	1057
4	507
4	1058
4	463
4	633
4	633
4	633
4	633
4	1059
4	1060
4	1061
4	1062
4	1063
4	1064
4	92
4	220
4	1065
4	96
4	1031
4	1066
4	1067
4	1068
4	463
4	633
4	991
4	12
4	1069
4	1070
4	1071
4	43
4	92
4	172
4	63
4	117
4	1072
4	633
4	633
4	633
4	633
4	633
4	633
4	633
4	633
4	633
4	633
4	1073
4	278
4	1045
4	454
4	1074
4	1039
4	1075
4	1076
4	633
4	172
4	1077
4	12
4	1078
4	117
4	482
4	633
4	555
4	469
4	1079
4	1080
4	1081
4	1082
4	172
4	1083
4	117
4	172
4	883
4	181
4	117
4	378
4	111
4	40
4	556
4	646
4	1084
4	1085
4	1039
4	633
4	1086
4	469
4	1085
4	401
4	633
4	633
4	172
4	932
4	1087
4	1086
4	1088
4	495
4	1089
4	428
4	441
4	378
4	1090
4	1091
4	428
4	704
4	441
4	378
4	122
4	633
4	633
4	1092
4	1093
4	1094
4	1054
4	633
4	633
4	172
4	441
4	1095
4	1096
4	378
4	633
4	172
4	378
4	633
4	172
4	1097
4	1098
4	633
4	1087
4	12
4	137
4	202
4	1099
4	1100
4	378
4	111
4	463
4	499
4	650
4	1101
4	384
4	12
4	156
4	1102
4	469
4	463
4	1103
4	172
4	445
4	237
4	117
4	793
4	1104
4	444
4	1105
4	1106
4	441
4	1107
4	551
4	1108
1	1109
1	980
1	68
1	73
1	215
1	77
1	28
1	520
1	482
1	53
1	1112
1	19
1	1113
1	658
1	19
1	1114
1	441
1	1115
1	19
1	441
1	1115
1	19
1	129
1	117
1	1116
1	154
1	1117
1	211
1	1112
1	19
1	1118
1	117
12	1119
12	1120
12	1121
1	1122
1	19
1	1112
1	19
1	80
1	378
1	19
1	201
1	1112
1	45
1	19
1	1114
1	80
1	378
1	19
1	201
1	1122
1	19
1	1122
1	19
1	1112
1	45
1	19
1	1126
1	730
1	19
1	245
1	45
1	19
1	245
1	1127
1	19
1	661
19	821
1	245
1	19
1	12
1	1114
1	19
1	12
1	12
1	45
1	1115
1	19
1	1130
1	1131
1	551
1	19
1	1130
1	1131
1	551
1	19
1	1130
1	1131
1	551
1	19
1	126
1	766
1	72
1	53
1	126
1	766
1	72
1	53
1	1132
1	1133
1	1134
19	56
19	1135
19	861
19	56
19	193
19	111
1	215
1	77
1	216
23	1138
23	1139
23	1140
19	215
19	77
19	216
1	1141
1	50
1	81
1	1142
19	50
15	56
15	1135
15	861
19	215
19	77
24	849
24	1143
24	348
24	349
24	350
24	351
24	87
24	1144
24	1145
24	117
1	77
1	51
1	519
1	177
1	1141
1	1142
1	51
1	1146
1	1147
1	49
1	68
1	218
1	519
1	177
1	519
1	177
1	1142
1	53
1	50
1	1142
1	1148
25	245
25	390
25	1149
25	139
26	633
26	633
26	633
26	633
26	633
26	633
26	633
26	633
26	633
26	633
26	633
26	633
26	633
26	633
26	633
26	633
26	633
26	633
26	633
26	633
26	633
26	633
26	633
26	633
26	633
26	633
26	633
26	633
26	633
26	633
26	633
26	633
26	633
26	633
26	633
26	633
26	633
26	633
26	633
26	633
26	633
26	633
26	633
26	633
26	633
26	633
26	633
26	633
26	633
26	633
26	633
26	633
26	633
26	633
26	633
26	633
26	633
26	633
26	633
26	633
26	633
26	633
26	633
26	633
26	633
26	633
26	633
26	633
26	633
26	633
26	633
26	633
26	633
26	633
26	633
26	633
26	633
26	633
26	633
26	633
26	633
26	633
26	633
26	633
26	633
26	633
26	633
26	633
26	633
26	633
26	633
26	633
26	633
26	633
26	633
26	633
26	633
26	633
26	633
26	633
26	633
26	633
26	633
26	633
26	633
26	633
26	633
26	633
26	633
1	519
1	1152
1	1153
1	1154
1	1155
1	519
1	177
1	258
27	4
27	1156
27	301
27	1157
27	1158
27	1159
27	1160
27	1157
27	482
27	519
27	177
1	519
1	73
1	76
27	47
27	111
27	36
28	1161
28	1162
28	1163
28	559
28	561
28	458
28	1164
29	445
29	764
29	117
29	1165
29	843
29	495
29	1054
29	198
29	983
12	672
12	1166
12	1167
1	1168
1	1
1	1169
1	1170
1	1171
20	311
20	1172
20	1173
20	1174
20	821
20	1175
20	56
20	152
20	254
20	309
1	1
1	1171
1	1170
29	1176
29	1176
29	1176
38	1467
38	1465
38	186
38	1465
38	1468
38	36
38	1465
38	36
38	1465
38	1469
38	1465
38	175
38	1470
38	1470
38	1470
38	1470
38	245
38	982
38	1470
38	1470
38	1470
38	1470
38	1465
38	1471
38	1465
38	1470
38	1465
38	186
38	1415
38	1472
38	334
38	1472
38	334
38	1472
38	334
38	1473
38	55
38	1474
38	55
38	1475
38	1476
38	1477
38	1478
38	55
38	1475
38	1476
38	1478
38	55
38	1475
38	1476
38	1478
38	55
38	1475
38	1476
38	1478
38	55
38	1479
38	1480
38	51
38	192
38	1481
38	1426
38	1482
38	1483
38	1484
38	51
38	1481
38	1485
38	1459
38	1486
38	50
38	192
38	50
38	51
38	1112
38	19
38	231
38	49
38	1487
38	231
38	326
38	1426
38	1488
38	50
38	1489
38	1490
38	430
38	849
38	876
38	482
38	788
38	1491
38	1492
38	788
38	174
38	1493
38	56
38	1445
38	1494
38	51
38	192
38	1495
38	51
38	1494
38	50
38	50
38	50
38	1430
38	770
38	770
38	770
38	770
38	1496
38	321
38	770
38	1496
38	321
38	1497
38	1498
38	127
38	1499
38	213
38	1500
38	1501
38	1502
38	321
38	1503
38	50
38	152
38	1504
38	50
38	770
38	1496
38	321
38	475
38	1505
38	50
38	1429
38	1430
38	50
38	321
38	50
38	321
38	50
38	1506
38	1414
38	321
38	1507
38	50
38	1414
38	1507
38	50
38	1414
38	50
38	1506
38	1414
38	50
38	1414
38	56
38	50
38	50
38	321
38	50
38	1430
38	1459
38	49
38	1508
38	1509
38	1510
38	692
38	49
38	6
38	1459
38	1509
38	1459
38	1509
38	1459
38	1511
38	1459
38	1511
38	1509
38	1157
38	1512
38	1435
38	1157
38	1435
38	1157
38	1435
38	1157
38	1435
38	1513
38	36
38	1514
15	1666
15	47
15	12
15	1667
15	46
15	307
15	4
15	482
15	1668
15	4
15	3
15	222
15	3
15	50
15	222
15	53
15	1669
15	116
15	271
15	237
15	1669
15	271
15	116
15	237
15	59
15	847
15	821
15	377
15	847
15	821
15	377
15	172
15	1670
15	1671
15	860
15	818
15	806
15	870
15	798
15	806
15	963
15	955
15	1672
15	860
15	818
15	806
15	870
50	1982
50	1982
50	172
50	245
50	384
50	1002
70	1582
70	2669
70	177
70	2828
70	964
70	2839
70	926
70	2183
70	83
70	2840
70	2841
70	495
70	346
70	2842
70	729
70	695
70	1079
70	72
70	1150
70	2782
70	2183
70	111
70	2843
70	2785
70	2844
70	829
70	1322
70	2656
70	873
70	43
70	173
70	464
70	177
70	2279
70	482
70	2845
70	150
70	50
70	1266
70	51
70	399
70	14
70	2049
70	150
70	1126
70	1668
70	846
70	926
70	63
70	2594
70	2846
70	150
70	2800
70	2510
70	142
70	2844
70	1266
70	2054
70	1343
70	289
70	2847
70	327
70	831
70	2848
70	2849
70	1643
70	2667
70	2850
70	2851
70	2852
70	153
70	464
70	2730
70	43
70	1778
70	2707
70	2101
70	2853
70	2854
70	2855
70	2856
70	2697
70	743
70	901
70	2857
70	2858
70	2859
70	299
70	296
70	705
70	55
70	1175
70	2756
70	445
70	2860
70	153
70	142
70	883
70	7
70	839
70	2183
70	83
70	2594
70	854
70	829
70	1322
70	1273
70	139
70	1254
70	316
70	873
70	43
70	72
70	2707
70	1455
70	198
70	46
70	157
70	229
70	500
70	895
70	187
70	848
70	150
70	2618
70	59
70	2861
70	51
70	2049
70	76
70	2703
70	77
70	278
70	2674
70	2862
70	2751
70	189
70	53
70	2703
70	2800
70	2714
70	307
70	848
70	2863
70	445
70	142
70	229
70	2183
70	293
70	327
70	969
70	187
70	1227
70	829
70	1273
70	139
70	1254
70	873
70	43
70	2864
70	313
70	2707
70	1455
70	55
70	198
70	53
70	2865
70	1465
70	1150
70	111
70	2843
70	172
70	908
70	829
70	51
70	1499
70	873
70	761
70	175
70	2153
70	1471
70	55
70	53
70	2703
70	2866
70	2867
70	328
70	2703
70	2868
70	2869
70	2870
70	2871
70	307
70	2703
70	846
70	2594
70	55
70	108
70	257
70	327
70	101
70	2872
70	241
70	150
70	56
70	346
70	428
70	551
70	2873
70	313
70	76
70	2607
70	1635
70	1175
70	2874
70	401
70	242
70	20
70	2875
70	1134
70	926
70	1635
70	2876
70	72
70	2765
70	1074
70	56
70	2877
70	1150
70	2878
70	56
70	2877
70	1150
70	2878
70	1042
70	172
70	2618
70	1322
70	278
70	1020
70	131
70	2618
70	820
70	1322
70	901
70	766
70	2879
70	292
70	1020
70	705
70	2880
70	328
70	2604
70	59
70	2879
70	821
70	2738
70	2638
70	1175
70	2640
70	2508
70	1026
70	59
70	842
70	2881
70	894
70	155
70	1371
70	2882
70	126
70	346
70	695
70	314
70	2183
70	72
70	155
70	142
70	445
70	7
70	839
70	222
70	926
70	83
70	2760
70	2594
70	126
70	829
70	2109
70	723
70	2510
70	395
70	9
70	43
70	72
70	1455
70	46
70	960
70	500
70	3
70	59
70	1134
70	2883
70	2884
70	6
70	783
70	53
70	150
70	62
70	20
70	1134
70	2594
70	2885
70	2886
70	2887
70	2888
70	2889
70	314
70	1074
70	2890
70	2604
70	1322
70	417
70	2049
70	2891
70	1042
70	153
74	174
74	3422
74	3423
74	3424
74	2638
74	495
74	187
74	336
74	43
74	173
74	212
74	51
74	873
74	174
74	3422
74	175
74	55
74	860
74	142
74	336
74	43
74	173
74	1150
74	51
74	873
74	174
74	1150
74	175
74	55
74	85
74	224
74	1626
74	173
74	174
74	1150
74	51
74	873
74	53
74	174
74	1150
74	175
74	55
74	53
74	76
74	2786
74	173
74	1429
74	174
74	1150
74	51
74	873
74	175
74	53
74	56
74	173
74	85
74	51
74	873
74	76
74	173
74	898
74	51
74	873
74	83
74	173
74	9
74	873
74	43
74	83
74	1255
74	680
74	860
74	316
74	43
74	187
74	59
74	7
74	30
74	766
74	9
74	315
74	53
74	342
74	847
74	9
74	173
74	3422
74	174
74	873
74	187
79	245
79	172
79	3595
79	71
79	1253
79	888
79	464
79	384
79	3596
79	3597
79	3589
79	294
79	150
79	3589
79	2752
79	51
79	3598
79	192
79	3599
79	3598
79	1227
86	273
86	4110
86	43
86	57
86	203
86	4111
86	1344
86	4112
86	4079
86	4113
86	327
86	2540
86	55
86	4114
86	821
86	4115
86	313
86	4116
86	4117
86	2416
86	12
86	43
86	172
86	4118
86	4119
86	63
86	117
105	4338
105	774
105	4339
105	645
105	31
105	4339
105	1632
105	31
105	4338
105	4338
105	774
105	384
105	4335
105	4398
105	645
105	4333
105	4335
105	4398
105	523
105	4335
105	4349
105	645
105	4333
105	252
105	766
105	4399
105	3296
105	645
105	828
105	895
105	831
105	1650
105	1722
105	840
105	4400
105	384
105	327
105	83
105	1708
105	2672
105	771
105	328
105	475
105	846
105	3296
105	83
105	2618
105	1844
105	4335
105	2707
105	3296
105	4399
105	4400
105	4346
105	1439
105	4401
105	2661
105	645
105	4402
105	31
105	1650
105	2142
105	31
105	4403
105	710
105	4339
105	327
105	192
105	377
105	99
105	4404
105	645
105	4405
105	2661
105	395
105	645
105	4333
105	314
105	4335
105	172
105	1266
105	384
105	175
105	77
105	771
105	377
105	4406
105	189
105	4346
105	4407
105	401
105	289
105	847
105	919
105	83
105	55
105	401
105	840
105	3072
105	307
105	4335
105	705
105	1175
105	4408
105	395
105	3072
105	416
105	4409
105	4335
105	4399
105	4409
105	4335
105	198
105	150
105	829
105	4332
105	2760
105	761
105	4399
105	150
105	829
105	4332
105	2760
105	83
105	4348
105	4335
105	4410
105	4332
105	1650
105	4360
107	4311
107	4550
107	4564
107	2510
107	174
107	384
107	2352
107	55
107	174
107	4627
107	831
107	4311
107	384
107	4595
107	4628
107	1639
107	2353
107	4596
107	245
107	4598
107	4311
107	4553
107	4311
107	4551
107	1274
107	86
107	4311
107	4629
107	4630
107	4311
107	278
107	4550
107	4584
107	2510
107	4311
107	4550
107	384
107	4631
107	4570
107	445
107	820
107	4570
107	1902
107	445
107	820
107	4570
107	1902
107	2309
107	384
107	384
107	4570
107	4570
107	445
107	4570
107	4570
107	4570
107	4570
107	4570
107	4573
107	644
107	540
107	384
107	4570
107	384
107	4557
107	4561
107	2353
107	148
107	1274
107	2353
107	4553
107	4564
107	2312
107	6
107	245
107	4548
107	4632
107	4564
107	4311
107	384
107	4632
107	4564
107	4551
107	1639
107	148
107	2309
107	4311
107	4542
107	2510
107	7
107	384
107	1674
107	2353
107	384
107	1639
107	4633
107	1150
107	692
107	4632
107	245
107	4311
107	4634
107	4553
107	4311
107	4548
107	4591
107	384
107	492
107	19
107	3388
107	4302
107	700
107	4550
107	4626
107	4561
107	1639
107	2353
107	4596
107	4635
107	4311
107	2510
107	2353
107	4311
107	384
107	492
107	4636
107	4635
107	4311
107	540
107	384
107	278
107	4622
107	4589
107	4311
107	4626
107	7
107	384
107	1674
107	9
107	2353
107	540
107	384
107	492
107	384
107	4557
107	31
107	1902
107	83
107	4545
107	384
107	4589
107	523
107	4589
107	523
107	4589
107	3385
107	883
107	526
107	4611
107	384
107	1639
107	4596
107	4311
107	883
107	4542
107	278
107	4542
107	4555
107	6
107	4545
107	384
107	2356
107	4311
107	4551
107	4561
107	4578
107	4311
107	492
107	1253
107	4598
107	4554
107	245
107	3385
107	4554
107	4311
107	4598
107	4542
107	4562
107	4311
107	4557
107	4579
107	2312
107	4598
107	2015
107	4311
107	4542
107	4551
107	523
107	820
107	31
107	4562
107	4562
107	278
107	1274
107	4562
107	4562
107	4562
107	7
107	1274
107	1674
107	895
107	4613
107	4637
107	4638
107	6
107	4622
107	4311
107	4552
107	4596
107	245
107	4596
107	245
107	4555
107	6
107	2015
107	4311
107	4561
107	4564
107	4583
107	2015
107	4311
107	4551
107	2015
107	2353
107	961
107	1274
107	4550
107	961
107	1274
107	245
107	4311
107	384
107	4557
107	492
107	4562
107	4562
107	4562
107	4562
107	4562
107	4562
107	4562
107	4562
107	4562
107	1253
107	384
107	1254
107	148
107	492
137	737
137	821
137	5207
137	5189
137	5207
137	981
137	861
137	5200
137	710
137	5334
137	5335
137	5281
137	821
137	2863
137	2416
137	139
137	83
137	83
137	861
137	2
137	873
137	821
137	83
137	172
137	384
137	761
137	806
137	424
137	307
137	2510
137	5221
137	761
137	83
137	424
137	4406
137	528
137	307
137	700
137	5336
137	5337
137	5232
137	5221
137	821
137	2833
137	3145
137	5338
137	1952
137	5339
137	847
137	5189
137	172
137	139
137	821
137	886
137	83
137	152
137	873
137	83
137	5204
137	1778
137	172
137	59
137	801
137	111
137	1455
137	172
137	824
137	866
137	761
137	801
137	117
137	111
137	1455
137	85
137	821
137	5189
137	398
137	821
137	4504
137	5340
137	5221
137	821
137	5341
137	5342
137	1630
137	581
137	5221
137	821
137	801
137	5202
137	5207
137	5343
137	5344
137	5270
137	5345
137	5232
137	85
137	83
137	5189
137	821
137	5346
137	5347
137	5348
137	5349
137	821
137	5348
137	5202
137	5221
137	821
137	821
137	771
137	5350
137	5351
137	139
137	821
137	3369
137	821
137	1635
137	5352
137	241
137	271
137	5191
137	528
137	5332
137	5353
137	5354
137	821
137	5202
137	5355
137	5356
137	1987
137	821
137	5357
137	70
137	821
137	83
137	821
137	2365
137	241
137	2221
137	821
137	83
137	5358
137	821
137	5346
137	5359
137	1152
137	821
137	5358
137	241
137	5202
137	821
137	2833
137	821
137	131
137	821
137	5360
137	347
137	1332
137	821
137	5361
137	1343
137	821
137	148
137	5358
137	821
137	5362
137	5189
137	5202
137	5363
137	139
137	821
137	5364
137	5365
137	821
137	241
137	821
137	761
137	801
137	821
137	5333
137	1343
137	821
137	148
137	5358
137	798
137	83
137	5207
137	821
137	5366
137	681
137	873
137	83
137	402
137	1322
137	581
137	821
137	801
137	111
137	172
137	5317
137	821
137	320
137	5327
137	2416
137	139
137	821
137	424
137	5358
137	821
137	241
137	5367
137	821
137	681
137	5368
137	5298
137	3377
137	241
137	581
137	821
137	5369
137	579
137	2416
137	581
137	821
137	2828
137	579
137	5202
137	4332
137	139
137	821
137	5370
137	5371
137	4944
137	5372
137	139
137	581
137	821
137	5358
137	5373
137	821
137	5358
137	5374
137	4944
137	821
137	140
137	4944
137	139
137	761
137	821
137	5315
137	5375
137	5376
137	821
137	579
137	5357
137	1643
137	581
137	821
137	83
137	4944
137	821
137	5191
137	5368
137	5247
137	83
137	3371
137	821
137	5377
137	990
137	5333
137	5368
137	5336
137	821
137	761
137	5232
137	3438
137	2228
137	5378
137	821
137	3371
137	172
137	2021
137	342
137	384
137	847
137	14
137	83
137	332
137	5189
137	475
137	384
137	581
137	83
137	1954
137	5379
137	5380
137	5381
137	5382
137	1465
137	3456
137	2128
137	83
137	435
137	5202
137	4332
137	821
137	5383
137	821
137	83
137	5202
137	4332
137	821
137	821
137	2833
137	1643
137	821
137	681
137	1920
137	2510
137	5200
137	1465
137	464
137	14
137	83
137	681
137	700
137	4209
137	5384
137	821
137	761
137	5358
137	2812
137	5358
137	681
137	4275
137	3305
137	241
137	1643
137	821
137	5358
137	139
137	821
137	5358
137	139
137	821
137	5358
137	173
137	873
137	866
137	5358
137	5189
137	2812
137	5358
137	681
137	5358
137	5358
137	5383
137	581
137	1630
137	83
137	5385
137	1455
137	5358
137	5383
137	5385
137	83
137	1778
137	5358
137	2617
137	131
137	821
137	5327
137	5386
137	173
137	873
137	5189
137	173
137	5292
137	5189
137	1624
137	5188
137	5387
137	5388
137	5336
137	5337
137	5389
137	5232
145	4959
145	821
145	766
145	315
145	766
145	315
145	4218
145	766
145	315
145	4218
145	766
145	315
145	4218
145	5604
193	6342
193	6342
193	6342
193	1212
193	57
193	4028
193	177
193	377
193	57
193	1614
193	213
193	6044
193	66
193	2790
193	1157
193	2157
193	2157
193	478
193	87
193	1502
193	1490
193	177
193	475
193	1630
193	924
193	1490
193	924
193	873
193	3477
193	6341
193	6044
193	6319
193	487
193	57
193	92
193	5907
193	2100
193	2775
193	301
193	6347
193	6347
193	6347
193	1447
193	6341
193	6348
193	1173
193	177
193	213
193	6044
193	66
193	487
193	958
193	2046
193	1722
193	924
193	969
193	53
193	213
193	1447
193	1150
193	1157
193	1513
193	57
193	521
193	53
193	1630
193	6349
193	301
193	4704
193	475
193	6349
193	55
193	87
193	924
193	1490
193	1538
193	53
193	475
193	83
193	6350
193	1157
193	53
193	213
193	524
193	924
193	213
193	177
193	6044
193	464
193	1651
193	316
193	173
193	464
193	1651
193	2100
193	83
193	4144
193	177
193	1155
193	1300
193	464
193	316
193	2101
193	3477
193	213
193	139
200	257
200	327
200	424
200	172
200	6532
200	2764
200	51
200	806
200	954
200	303
200	6533
200	2707
200	245
200	4706
200	540
200	226
200	1658
200	1632
200	471
200	528
200	19
217	6939
217	6940
217	6941
217	2032
217	6942
217	328
217	6943
217	126
217	2631
217	3614
217	6935
217	1175
249	8258
249	820
249	8349
249	187
249	1253
249	8258
249	8310
249	829
249	7
249	316
249	395
249	8402
249	8371
249	8266
249	8322
249	8354
249	8371
249	8403
249	8032
249	8265
249	8369
249	127
249	8246
249	2618
249	8032
249	328
249	8326
249	8350
249	7918
249	401
249	8266
249	8245
249	8244
249	8258
249	187
249	8401
249	8268
249	1913
249	8401
249	8385
249	8401
249	8385
249	8385
249	8404
249	8296
249	8378
249	1253
249	8310
249	876
249	1253
249	8310
249	1253
249	8310
249	1253
249	8310
249	860
249	8260
249	860
249	7917
249	8268
249	1913
249	860
249	7917
249	8268
249	1913
249	860
249	7917
249	8268
249	1913
249	8310
249	316
249	8268
249	8310
249	316
249	8268
249	8326
249	4632
249	1913
249	1253
249	8258
249	8391
249	876
249	8268
249	5063
249	8405
249	860
249	8309
249	278
249	127
249	127
249	8406
249	8407
249	860
249	7917
249	127
249	8268
249	401
249	860
249	7917
249	127
249	8268
249	401
249	127
249	187
249	8407
249	401
272	9237
272	3154
272	9235
272	1227
272	8131
272	2210
272	7103
272	9235
272	7706
272	9274
272	633
272	7706
272	9274
272	633
272	7706
272	633
272	9239
272	7706
272	7983
272	633
272	7706
272	633
272	9239
272	7706
272	7983
272	633
272	9239
272	7706
272	7983
272	633
272	9239
272	7706
272	7983
272	633
272	7706
272	633
272	7706
272	9275
272	9276
272	633
272	7706
272	9275
272	9276
272	633
272	7706
272	633
272	9277
272	9278
272	9279
272	7706
272	421
272	633
272	7706
272	7819
272	9275
272	9280
272	633
272	7706
272	7819
272	9275
272	9280
272	633
272	7706
272	633
272	9239
272	7706
272	7983
272	633
272	9239
272	7706
272	7983
272	633
272	9239
272	7706
272	7983
272	633
272	7706
272	633
272	7706
272	9274
272	633
272	126
272	9281
272	715
272	7706
272	633
272	9279
272	7706
272	421
272	633
272	9240
272	9282
272	9283
272	7706
272	633
272	9284
272	7706
272	633
272	9284
272	9285
272	7706
272	1189
272	7983
272	633
272	9286
330	11463
330	56
330	5218
330	897
330	293
330	472
330	327
330	76
266	150
266	7706
266	5867
266	1134
266	399
266	2594
333	11848
333	1173
333	187
333	307
333	11712
333	11719
333	11986
333	3145
333	3582
333	2698
333	2703
333	11987
333	395
333	11672
333	11988
333	11989
333	11713
333	11896
333	7117
333	5695
333	311
333	342
333	11892
333	3334
333	395
333	11796
333	11990
333	11796
333	645
333	131
333	11796
333	11990
333	395
333	4972
333	11796
333	926
333	382
333	4360
333	11990
333	11991
333	645
333	278
333	441
333	11727
333	4469
333	11685
333	2833
333	3145
333	2585
333	2698
333	11992
333	137
333	3247
333	210
333	11993
333	526
333	250
333	424
333	4423
333	11891
333	11994
333	11995
333	357
333	2912
333	11844
333	1074
333	160
333	3074
333	5095
333	3081
333	307
333	395
333	11962
333	1343
333	170
333	11962
333	1343
333	170
333	4186
333	11773
333	11672
333	11911
333	11826
333	382
333	368
333	2252
333	11826
333	11826
333	11996
333	315
333	5453
333	860
333	173
333	43
333	647
333	2703
333	2638
333	2833
333	2594
333	5453
333	1800
333	59
333	221
333	11848
333	11720
333	696
333	829
333	11720
333	229
333	11862
333	316
333	681
333	43
333	4360
333	245
333	2448
333	581
333	11862
333	9
333	1343
333	316
333	829
333	395
333	1343
333	316
333	829
333	883
333	9
333	4177
333	1227
333	1253
333	368
333	829
333	11848
333	7
333	316
333	696
333	11165
333	1376
333	1455
333	1253
333	172
333	829
333	2510
333	316
333	43
333	1376
333	1455
333	77
333	11997
333	31
333	307
333	11998
333	828
333	696
333	1254
333	895
333	198
333	11712
333	77
333	624
333	4469
333	11713
333	11679
333	2612
333	1851
333	2401
333	299
333	189
333	158
333	377
333	126
333	4474
333	11913
333	77
333	2833
333	307
333	57
333	11996
333	4360
333	11999
333	56
333	70
333	2594
333	11668
333	829
333	645
333	11717
333	11884
333	11687
333	523
333	11688
333	2833
333	1175
333	382
333	2612
333	645
333	12000
333	158
333	705
333	1299
333	2447
333	11896
333	3145
333	3582
333	11815
333	2447
333	2618
333	559
333	526
333	587
333	2594
333	307
333	99
333	26
333	1650
333	145
333	296
333	464
333	464
333	11720
333	257
333	56
333	12001
333	926
333	66
333	1472
333	150
333	56
333	2777
333	76
333	368
333	56
333	2559
333	645
333	51
333	12002
333	12003
333	12001
333	926
333	63
333	11762
333	11685
333	2833
333	11727
333	11668
333	5695
333	395
333	11835
333	296
333	3145
333	3582
333	1175
333	11815
333	12004
333	4959
333	12005
333	11717
333	11689
333	83
333	955
333	11809
333	126
333	829
333	12006
333	645
333	11892
333	441
333	70
333	761
333	1934
333	1455
333	6
333	11765
333	11966
333	523
333	771
333	2638
333	2833
333	1934
333	328
333	198
333	307
333	2703
333	11765
333	3009
333	342
333	11824
333	11861
333	11502
333	11871
333	305
333	11673
333	926
333	767
333	11762
333	472
333	210
333	4029
333	12007
333	556
333	767
333	926
333	11762
333	472
333	210
333	4029
333	12008
333	12007
333	926
333	767
333	11762
333	472
333	210
333	4029
335	384
335	271
335	806
335	187
347	1253
347	829
347	829
347	4365
347	31
347	958
347	4126
347	550
347	12959
347	2356
347	829
347	4029
347	2018
347	4126
347	714
347	489
347	846
347	6372
347	846
347	6372
347	846
347	6372
129	766
129	2907
129	5048
129	729
129	72
129	53
129	681
129	160
129	72
129	53
129	50
129	152
129	1097
457	926
457	200
457	783
457	926
457	2171
457	783
457	15416
457	198
457	828
486	751
486	771
486	860
486	4565
486	187
486	15950
486	581
486	1317
486	15942
486	7792
486	401
486	464
486	9
486	14
486	401
486	829
486	751
486	9
486	696
486	316
486	15946
486	895
486	187
486	829
486	696
486	1635
486	15946
486	15951
486	829
486	696
486	15946
486	895
486	829
486	6073
486	15949
486	15946
486	174
486	5327
486	829
486	9
486	15946
486	15259
486	860
486	187
486	860
486	829
486	696
486	15946
486	11143
486	187
486	401
486	860
486	829
486	696
486	15946
486	11143
486	401
486	696
486	9
486	11143
486	15950
486	15948
486	401
486	860
486	829
486	523
486	15946
486	187
486	316
486	15259
486	15950
486	581
486	696
486	11143
486	401
486	751
486	696
486	1635
486	11143
486	829
486	6073
486	696
486	15946
486	11143
486	696
486	11143
486	860
486	187
486	5316
486	523
486	11143
486	4705
486	523
486	5327
486	11143
486	829
486	9
486	316
486	15946
486	15259
486	751
486	11143
486	829
486	9
486	696
486	15946
486	15259
486	401
486	31
486	1635
486	15951
486	829
486	9
486	1635
486	15946
486	15259
486	11143
486	8260
486	5316
486	6609
486	11143
486	751
486	187
486	50
486	174
486	15942
486	15950
486	11143
486	401
486	829
486	696
486	15946
486	11143
486	829
486	316
486	15946
486	15259
486	523
486	6588
486	11143
486	829
486	316
486	15946
486	895
486	15259
486	829
486	316
486	15946
486	895
486	15259
486	860
486	829
486	15946
486	424
486	860
486	174
486	187
486	15950
486	50
486	581
486	177
486	111
486	272
486	829
486	15946
486	11143
486	829
486	15942
486	316
486	696
486	15946
486	829
486	696
486	15946
486	187
486	11143
486	5316
486	11143
486	829
486	157
486	5316
486	523
486	696
486	15946
486	11143
486	187
486	174
486	157
486	751
486	187
486	401
486	174
486	1150
486	111
486	15950
486	157
486	861
486	401
486	860
486	829
486	15946
486	111
486	187
486	15950
486	50
486	70
486	696
486	187
486	401
486	15950
486	581
486	11143
486	860
486	829
486	696
486	316
486	15946
486	15259
486	187
486	829
486	464
486	9
486	15946
486	15259
486	829
486	464
486	316
486	15946
486	15259
486	5316
486	6609
486	11143
486	15942
486	1635
486	6588
486	829
486	9
486	15946
486	187
486	6609
486	11143
486	187
486	751
486	401
486	751
486	174
486	187
486	401
486	860
486	464
486	316
486	4565
486	15958
486	187
486	829
486	157
486	523
486	696
486	15946
486	401
486	829
486	847
486	31
486	1635
486	696
486	15946
486	528
486	401
486	15942
486	15948
486	829
486	9
486	15946
486	15259
486	523
486	5316
486	15949
486	6609
486	11143
486	860
486	829
486	9
486	15946
486	829
486	9
486	316
486	15946
486	15259
486	4705
486	6609
486	5327
486	11143
486	577
486	829
486	751
486	31
486	9
486	1635
486	15946
486	187
486	829
486	9
486	15946
486	15259
486	829
486	9
486	15946
486	15259
486	829
486	9
486	15946
486	15259
486	829
486	9
486	15946
486	15259
486	464
486	9
486	696
486	316
486	15259
486	829
486	70
486	523
486	15946
486	5316
486	523
486	696
486	11143
486	829
486	9
486	15946
486	15259
486	316
486	696
486	895
486	15259
486	829
486	50
486	174
486	15946
509	50
509	16244
509	2081
509	1199
509	16245
509	6978
509	528
509	16246
509	16247
509	2236
520	4356
520	1490
520	55
520	5129
520	1533
520	8057
520	2767
520	51
520	5129
520	278
520	751
520	2185
520	226
520	5129
520	278
520	821
520	87
520	395
520	5129
520	729
520	16591
520	51
520	1079
520	551
520	202
520	83
520	1253
520	59
520	81
520	395
520	5129
520	278
520	821
520	469
520	402
520	401
520	150
520	50
520	85
520	5129
520	729
520	871
520	1650
520	51
520	83
520	861
520	187
520	16533
520	15077
520	77
520	278
520	2673
520	821
520	81
520	1597
520	70
520	83
520	81
520	384
520	83
520	5129
520	70
520	51
520	83
520	81
520	222
520	384
520	523
520	83
520	56
520	50
520	5129
520	51
520	83
520	53
520	1490
520	5129
520	51
520	145
520	1175
520	145
520	1175
520	145
520	895
520	1175
520	150
520	346
520	81
520	139
520	1950
520	1650
520	2707
520	401
520	875
520	16598
520	15077
520	16599
520	3305
520	150
520	81
520	278
520	1950
520	4218
520	241
520	47
520	5129
520	117
520	47
520	145
520	117
520	47
520	50
520	5129
520	16598
520	15077
520	278
520	700
520	47
520	384
520	2185
520	117
520	47
520	829
520	384
520	157
520	117
520	36
520	47
520	829
520	464
520	384
520	83
520	117
520	2101
520	5026
520	5129
520	729
520	1079
520	278
520	469
520	1650
520	6354
520	160
520	5129
520	51
520	1650
520	6628
520	874
520	2204
520	314
520	1175
520	6549
520	2746
520	16600
520	5129
520	729
520	51
520	83
520	15738
520	6073
520	766
520	11512
520	13206
520	2880
520	11512
520	13206
520	587
520	192
520	15077
520	12290
520	16553
520	3199
520	2618
520	15077
520	16553
520	16598
520	15077
520	4944
520	142
520	11416
520	6073
520	145
520	315
520	5026
520	1533
520	5129
520	2767
520	536
520	384
520	85
520	5129
520	1626
520	152
520	51
520	83
520	1778
520	85
520	5129
520	152
520	51
520	1778
520	5129
520	85
520	1626
520	51
520	52
520	85
520	5129
520	1626
520	51
520	6333
520	87
520	5129
520	85
520	1626
520	1650
520	51
520	6333
520	398
520	50
520	15077
520	846
520	526
520	456
520	428
520	31
520	394
520	15077
520	77
520	5129
520	51
520	83
520	5129
520	51
520	272
520	16529
520	16530
520	6354
520	160
520	16571
520	72
520	705
520	16534
520	6549
520	126
520	2618
520	1844
520	278
520	314
520	91
520	6549
520	16534
520	145
520	6549
520	2618
520	16534
520	16601
520	6549
520	16534
520	145
520	402
520	6549
520	16534
520	145
520	402
520	6549
520	16534
520	384
520	83
520	6549
520	16534
520	16601
520	6549
520	16534
520	145
520	6549
520	16541
520	16575
520	5350
520	705
520	328
520	2618
520	15077
520	2942
520	846
520	31
520	315
520	185
520	394
520	4218
520	774
520	15077
520	16534
520	5249
520	16575
520	5350
520	328
520	2746
520	4356
520	559
520	470
520	15077
520	16602
520	16530
520	1173
520	6354
520	384
520	5129
520	16603
520	4293
520	16604
520	2880
520	6073
520	766
520	145
520	6073
520	16534
520	700
520	766
520	145
520	6073
520	766
520	145
520	741
520	6073
520	766
520	145
520	700
520	145
520	3112
520	16553
520	16592
520	6073
520	700
520	145
520	16604
520	2880
520	6073
520	16534
520	766
520	145
520	2880
520	16604
520	16592
520	700
520	145
520	2880
520	16534
520	145
520	16575
520	700
520	145
520	3112
520	16553
520	700
520	145
520	3112
520	16553
520	16592
520	6073
520	145
520	16604
520	2880
520	16534
520	700
520	145
520	2880
520	16604
520	16534
520	700
520	145
520	700
520	145
520	2880
520	16604
520	6179
520	6073
520	766
520	5180
520	145
520	6073
520	766
520	700
520	145
520	16534
520	16592
520	145
520	2880
520	16604
520	16592
520	145
520	16604
520	2880
520	16592
520	16605
520	145
520	2880
520	16534
520	16575
520	5350
520	328
520	4685
520	16534
520	145
520	16575
520	5350
520	12532
520	328
520	16592
520	6073
520	766
520	145
520	2880
520	16592
520	16598
520	1333
520	4293
520	2880
520	6073
520	766
520	145
520	16598
520	6126
520	6179
520	5249
520	16575
520	5350
520	328
520	16598
520	6073
520	766
520	145
520	2618
520	314
520	402
520	6549
520	6073
520	766
520	6073
520	1729
520	766
520	315
520	11293
520	16598
520	3373
520	16606
520	1173
520	6073
520	766
520	6073
520	4125
520	2357
520	766
520	2880
520	709
520	6073
520	766
520	4469
520	5628
520	402
520	6073
520	700
520	766
520	2880
520	16592
520	6073
520	766
520	1072
520	2880
520	16534
520	700
520	16553
520	6073
520	766
520	145
520	6073
520	766
520	145
520	705
520	2618
520	6179
520	16534
520	6552
520	6073
520	766
520	145
520	402
520	6073
520	766
520	16580
520	145
520	6073
520	766
520	145
520	49
520	1493
520	6073
520	766
520	145
520	402
520	8710
520	13861
520	31
520	16575
520	394
520	8710
520	13861
520	31
520	16575
520	394
520	6958
520	1026
520	5129
520	729
520	2767
520	515
520	111
520	536
520	36
520	16532
520	5129
520	729
520	515
520	5000
520	16560
520	50
520	515
520	4830
520	473
520	50
520	5129
520	152
520	1778
520	475
520	177
520	50
520	5129
520	85
520	1513
520	51
520	5129
520	1533
520	85
520	51
520	83
520	87
520	346
520	1950
520	51
520	1950
520	678
520	192
520	401
520	2618
520	559
520	2209
520	346
520	81
520	16607
520	278
520	91
520	53
520	559
520	678
520	16608
520	192
520	53
520	81
520	384
520	83
520	172
520	47
520	829
520	395
520	117
520	111
520	36
520	725
520	742
520	16609
520	681
520	2827
520	384
520	83
520	16610
520	382
520	50
520	16532
520	16611
520	5129
520	384
520	1594
520	83
520	6
520	13050
520	50
520	5129
520	51
520	4830
520	13050
520	16541
520	16575
520	5350
520	705
520	16553
520	328
520	16534
520	16541
520	16575
520	5350
520	328
520	16534
520	416
520	16575
520	5350
520	328
520	16541
520	16575
520	5350
520	328
520	16534
520	16541
520	16575
520	5350
520	705
520	5332
520	5129
520	16612
520	470
520	83
520	187
520	681
520	4029
520	16568
520	16613
520	16575
520	12532
520	328
520	8647
520	126
520	966
520	81
520	384
520	83
520	14489
520	87
520	81
520	5129
520	91
520	51
520	83
520	1485
520	53
520	278
520	52
520	16614
520	588
520	559
520	16598
520	3305
520	187
520	2903
520	1199
520	221
520	316
520	148
520	402
520	1253
520	149
520	316
520	148
520	1317
520	2209
520	16540
520	1844
520	12475
520	458
520	145
520	676
520	16541
520	16575
520	5350
520	16615
520	12532
520	328
520	16616
520	16617
520	16541
520	16618
520	5350
520	16615
520	16619
520	12532
520	328
520	16620
520	14512
520	16621
520	13206
520	11512
520	16622
520	705
520	5332
520	416
520	766
520	14512
520	11512
520	49
520	11416
520	766
520	14512
520	11512
520	49
520	3287
520	16623
520	2880
520	416
520	766
520	14512
520	11512
520	49
520	16623
520	559
520	766
520	2880
520	15738
520	766
520	14512
520	11512
520	2880
520	402
520	81
520	5129
520	303
520	347
520	16624
520	2701
520	31
520	16625
520	16626
520	145
520	394
520	1253
520	384
520	316
520	148
520	83
520	311
520	6126
520	16627
520	16628
520	4356
520	221
520	81
520	1302
520	316
520	469
520	83
520	148
520	2101
520	401
520	16529
520	1388
520	715
520	160
520	47
520	172
520	51
520	866
520	801
520	83
520	111
520	1042
520	1490
520	81
520	51
520	83
520	177
520	126
520	172
520	81
520	469
520	401
520	172
520	796
520	384
520	70
520	523
520	83
520	185
520	1455
520	145
520	2880
520	6073
520	766
520	16629
520	16630
520	13598
520	145
520	2880
520	16631
520	172
520	31
520	2984
520	328
520	126
520	16534
520	6073
520	766
520	145
520	16632
520	15077
520	958
520	7094
520	6552
520	394
520	1175
520	401
520	81
520	16568
520	328
520	5129
520	85
520	51
520	83
520	1490
520	5129
520	51
520	83
520	16598
520	3305
520	681
520	142
520	15077
520	846
520	346
520	819
520	526
520	83
520	333
520	172
520	1902
520	401
520	16633
520	16633
520	16633
546	17171
546	2917
546	5609
546	17172
546	5609
546	801
546	16991
546	3
546	222
546	7539
546	2249
546	51
546	72
546	769
546	783
546	17173
546	17174
546	17175
546	1360
546	17174
546	2440
546	17176
546	17177
546	16980
546	17178
546	17179
546	17180
546	7539
546	17181
546	17182
546	17183
546	17184
546	11020
546	1537
546	17185
546	581
546	17009
546	2298
546	13968
546	684
546	17009
546	7207
546	684
546	3434
546	1537
546	17186
546	475
546	17187
546	17188
546	111
546	901
546	416
546	17189
546	16431
546	111
546	17190
546	193
546	2013
546	111
546	17081
546	7149
546	50
546	193
546	17191
546	111
546	6
546	16980
546	17002
546	17192
546	7149
546	4558
546	16980
546	5609
546	17193
546	17025
546	2618
546	2917
546	2174
546	16974
546	17194
546	17160
546	17195
546	17196
546	16849
546	17150
546	1524
546	17002
546	17197
546	5609
546	16701
546	16849
546	17150
546	1524
546	17002
546	17197
546	5609
546	16701
546	17198
546	1224
546	1226
546	17199
546	17200
546	4211
546	91
546	17201
546	17202
546	50
546	521
546	16884
546	111
546	1159
546	17202
546	521
546	16884
546	389
546	111
546	1853
546	17203
546	16430
546	17204
546	862
546	50
546	70
546	748
546	111
546	50
546	70
546	748
546	111
546	3047
546	17205
546	303
546	111
546	1199
546	17206
546	17207
546	51
546	5014
546	50
546	193
546	17208
546	111
546	193
546	111
546	783
546	193
546	83
546	111
546	50
546	193
546	111
546	56
546	193
546	17209
546	111
546	193
546	111
546	190
546	193
546	866
546	801
546	111
546	279
546	748
546	14793
565	342
565	17775
565	150
565	2021
565	17984
565	4804
565	328
565	2021
565	4356
565	342
565	821
565	705
565	328
565	5138
565	1543
565	3488
565	177
565	1317
565	76
565	2942
565	17833
565	342
565	17985
565	17986
565	313
565	17809
565	5063
565	8613
565	17937
565	4927
565	342
565	17987
565	1642
565	313
565	839
565	397
565	1950
565	7662
565	1650
565	83
565	2594
565	690
565	56
565	2374
565	395
565	3066
565	4804
565	51
565	52
565	11933
565	313
565	72
565	53
565	342
565	4781
565	7662
565	83
565	17988
565	17963
565	4754
565	4781
565	7662
565	83
565	17988
565	17963
565	126
565	8757
565	395
565	17989
565	704
565	316
565	148
565	4331
565	1987
565	12475
565	17015
565	292
565	17990
565	1902
565	9748
565	17960
565	3618
565	6273
565	55
565	3438
565	1630
565	4450
565	6310
565	241
565	1463
565	1650
565	213
565	52
565	14892
565	76
565	5138
565	56
565	17991
565	1674
565	76
565	53
565	342
565	17977
565	1337
565	342
565	28
565	17992
565	17993
565	17994
565	17995
565	8613
565	17759
565	342
565	17839
565	1650
565	17977
565	13945
565	153
565	17764
565	241
565	7243
565	51
565	17996
565	17759
565	342
565	1650
565	17977
565	13945
565	153
565	17764
565	241
565	8613
565	17759
565	342
565	17839
565	1650
565	17977
565	13945
565	153
565	17764
565	241
565	17759
565	342
565	1650
565	17977
565	13945
565	153
565	17764
565	241
565	56
565	108
565	17997
565	2777
565	241
565	53
565	342
565	895
565	7747
565	17998
565	2817
565	2724
565	11866
565	3030
565	7747
565	17998
565	2724
565	2817
565	11866
565	342
565	108
565	1642
565	313
565	332
565	17885
565	11481
565	2724
565	158
565	342
565	4264
565	108
565	1950
565	1642
565	76
565	108
565	1930
565	76
565	3104
565	16063
565	555
565	108
565	12661
565	53
565	76
565	849
565	77
565	4047
565	293
565	55
565	473
565	2787
565	1463
565	7037
565	177
565	213
565	76
565	336
565	213
565	1650
565	6044
565	6353
565	76
565	3438
565	4450
565	6310
565	3305
565	160
565	1227
565	828
565	17833
565	342
565	1642
565	17999
565	76
565	342
565	15283
565	271
565	83
565	6368
565	153
565	18000
565	18001
565	342
565	18002
565	332
565	328
565	1853
565	342
565	108
565	257
565	17885
565	76
565	342
565	18003
565	52
565	11645
565	895
616	5198
616	315
616	1642
616	6279
616	5198
616	8206
616	1299
616	8639
616	10951
616	83
616	3122
616	1537
761	25789
761	10318
761	25790
761	25791
761	4452
200	873
200	187
200	816
200	401
200	860
200	245
200	59
200	9
200	150
200	172
200	650
200	198
200	501
200	7
200	1800
200	9
200	1254
200	271
200	76
200	1414
200	272
200	1722
200	336
200	53
200	27398
200	1650
200	395
200	187
200	3116
200	27399
200	187
200	540
200	806
200	2101
200	464
200	142
200	886
200	1651
200	4354
200	2707
200	173
200	839
200	4380
200	1650
200	4329
200	172
200	4331
200	187
200	2618
200	742
200	777
200	139
200	4337
200	401
200	11991
200	5747
200	83
200	189
200	150
200	172
200	829
200	131
200	523
200	14
200	6106
200	55
200	847
200	895
200	876
200	176
200	332
200	342
200	828
200	21970
200	172
200	174
200	523
200	131
200	894
200	5260
200	18297
200	49
200	12661
200	22938
200	395
200	7861
200	27400
200	6955
200	12006
200	1317
200	2355
200	142
200	550
200	1635
200	820
200	31
200	399
200	960
200	83
200	833
200	150
200	528
200	172
200	2279
200	873
200	12669
200	3487
200	2647
200	173
200	70
200	83
200	4331
200	139
200	257
200	2707
200	76
200	46
200	955
200	489
200	303
200	2510
200	172
200	2339
200	70
200	51
200	245
200	83
200	523
200	14
200	27401
200	289
200	2101
200	464
200	1651
200	173
200	2938
200	236
200	51
200	1494
200	4380
200	172
200	829
200	292
200	1324
200	2752
200	108
200	4370
200	14360
200	307
200	257
200	2764
200	2707
200	76
200	402
200	31
200	955
200	53
200	303
200	83
200	919
200	1650
200	56
200	142
200	31
200	528
200	1632
200	873
200	2339
200	1455
200	142
200	202
200	839
200	2510
200	696
200	4331
200	523
200	99
200	237
200	27402
200	27403
200	27404
200	73
200	27396
200	1317
200	441
200	4054
200	272
200	1722
200	336
200	4055
200	83
200	1463
200	384
200	17892
200	17891
200	187
200	198
200	73
200	177
200	70
200	1691
200	523
200	1645
200	127
200	313
200	76
200	15789
200	177
200	28
200	53
200	56
200	1691
200	523
200	4942
200	875
200	229
200	139
200	245
200	1343
200	873
200	1317
200	2355
200	7
200	142
200	550
200	401
200	839
200	2510
200	83
200	833
200	9
200	2356
200	27405
200	2123
200	222
200	3
200	21586
200	603
200	4390
200	12
200	70
200	871
200	53
200	72
200	126
200	83
200	1499
200	111
200	222
200	3
200	142
200	4
200	83
200	1158
200	384
200	111
200	529
200	4
200	933
200	873
200	854
200	1455
200	855
200	4354
200	399
200	839
200	860
200	793
200	59
200	83
200	172
200	829
200	4331
200	2761
200	222
200	5260
200	315
200	1853
200	2741
200	401
200	1134
200	49
200	399
200	6955
200	12006
200	692
200	72
200	20698
200	126
200	172
200	237
200	26867
200	734
200	523
200	2717
200	12527
200	860
200	395
200	681
200	523
200	338
200	831
200	27406
200	272
200	1722
200	4821
200	70
200	336
200	692
200	83
200	4406
200	873
200	187
200	198
200	7
200	245
200	71
200	737
200	59
200	696
200	9
200	1254
200	172
200	829
200	523
200	272
200	1722
200	336
200	2156
200	395
200	73
200	70
200	174
200	5260
200	11497
200	14
200	4343
200	2101
200	464
200	1651
200	173
200	49
200	1465
200	51
200	53
200	245
200	924
200	5687
200	860
200	27407
200	5687
200	860
839	27533
839	6156
839	27534
839	1674
839	2298
839	27535
839	26378
839	3978
839	1913
839	801
839	1673
839	2053
839	27536
839	8363
839	27537
839	2753
839	27538
839	27539
839	27540
839	27541
839	12057
839	26987
839	27542
839	27543
839	27544
839	12057
839	18756
839	15236
839	7578
839	8509
839	2053
839	27545
839	10
839	22096
839	6435
839	2014
839	761
839	2247
839	27546
839	441
839	10
839	3112
839	2510
839	4560
839	14
839	27547
839	2371
839	27548
839	6944
839	6395
839	2371
839	396
839	14435
839	6221
839	2371
839	855
839	6221
839	2051
839	237
839	27549
839	27550
839	27551
839	12
839	27552
839	27553
839	4871
839	27554
839	27554
839	27555
839	3385
839	27556
839	8034
839	245
839	1639
839	4544
839	27557
839	148
839	148
839	2917
839	4336
839	27558
839	3356
839	27559
839	27560
839	202
839	551
839	43
839	27561
839	14604
839	8401
839	150
839	3596
839	27562
839	2051
839	2053
839	1379
839	897
839	15255
839	27563
839	72
839	27564
839	1639
839	187
839	27565
839	237
839	27566
839	27567
839	27565
839	237
839	12
839	27568
839	2118
839	17661
839	12
839	27569
839	17661
839	12
839	17661
839	396
839	12
839	27570
839	10510
839	27571
839	27572
839	27573
839	27574
839	17660
839	421
839	2165
839	27575
839	2849
839	3527
839	1643
839	27576
839	1643
839	2510
839	27577
839	1643
839	1643
839	2510
839	27578
839	16361
839	1643
839	793
839	27579
839	500
839	27580
839	59
839	27581
839	27582
839	384
839	27583
839	27584
839	500
839	316
839	27580
839	9
839	12775
839	10510
839	27571
839	27572
839	996
839	331
839	396
839	7
839	996
839	330
839	7
839	494
839	12
839	1674
839	2876
839	7
839	12
839	2711
839	396
839	393
839	2711
839	644
839	2711
839	27585
839	27586
839	1241
839	14
839	27587
839	421
839	27541
839	6435
839	7831
839	5106
839	1643
839	421
839	27588
839	27589
839	421
839	27588
839	27590
839	2594
839	8214
839	1260
839	27588
839	27591
839	27588
839	1630
839	6302
839	421
839	5929
839	27588
839	27592
839	27593
839	27594
839	12057
839	15814
839	27595
839	27588
855	157
855	70
855	861
855	27797
855	11317
855	27768
855	1672
855	860
855	1266
855	27768
855	174
855	11317
855	328
855	8218
855	27798
855	27799
855	175
876	1199
892	905
892	192
892	190
892	36
892	683
892	83
892	172
892	28150
892	846
892	3003
892	28134
892	1715
892	175
892	307
892	1950
892	77
892	51
892	53
892	56
892	172
892	1659
892	28151
892	28152
892	28153
892	11388
892	11910
892	28154
892	28151
892	28155
892	28153
892	28156
892	28151
892	28155
892	28153
892	11388
892	464
892	2101
892	464
970	652
970	864
970	652
970	377
970	683
970	1902
970	30272
970	3385
970	2000
970	2618
1077	33922
1077	441
1077	32726
1077	142
1077	33923
1077	883
1077	33922
1077	441
1077	32726
1077	142
1077	33923
1077	5067
1077	266
1077	441
1077	32726
1077	5659
1077	142
1077	33923
1077	5067
1077	883
1077	83
1077	441
1077	776
1077	33924
1077	3292
1086	2707
1086	12503
1086	289
1086	53
1086	1439
1086	384
1086	33968
1086	53
1086	72
1086	33968
1086	72
1086	33968
1086	53
1086	72
1086	33968
1086	53
1086	72
1086	289
397	42709
397	42710
397	633
397	2364
397	42709
397	24235
397	24225
397	633
397	42709
397	24235
397	24225
397	633
397	42924
397	633
397	12685
397	625
397	42924
397	633
397	860
397	42925
397	12685
397	42924
397	464
397	633
397	860
397	42925
397	42924
397	4315
397	633
397	821
397	860
397	42925
397	42709
397	42710
397	633
397	42709
397	42710
397	633
397	12148
397	42709
397	24225
397	633
397	50
397	1643
397	51
397	3125
397	42709
397	42710
397	633
397	42709
397	24225
397	633
397	42709
397	464
397	24225
397	633
397	83
397	42709
397	187
397	24225
397	633
397	245
397	825
397	829
397	42709
397	24235
397	24225
397	633
397	42709
397	24225
397	633
397	42709
397	24225
397	633
1168	43391
1168	14553
1168	17526
1168	5869
1168	35507
1168	43393
1168	14347
1168	43406
1168	35508
1168	5752
1168	43401
1168	17526
1168	35507
1168	43393
1168	43399
1168	8363
1168	14347
1168	43406
1168	17627
1168	231
1168	35517
1168	43391
1168	14553
1168	17526
1168	35507
1168	43393
1168	8363
1168	14347
1168	43406
1168	9276
1168	35508
1168	8363
1168	43424
1168	2371
1168	14347
1168	35508
1168	6745
1168	2493
1168	32164
1168	8363
1168	43424
1168	14347
1168	9276
1168	35508
1168	43400
1168	972
1168	35519
1168	43402
370	482
370	272
370	70
370	51
370	1254
370	13793
370	6
370	231
370	51
370	172
370	6
370	51
370	186
370	1254
370	871
370	696
370	1254
370	44058
370	177
370	3502
370	475
224	1199
224	873
224	1890
224	484
224	873
224	695
224	1274
224	870
224	868
224	860
1044	1199
1399	50
1399	152
1399	18137
1399	18137
1399	18137
1399	18137
1399	18137
1399	18137
1399	18137
1399	18137
1399	18137
1399	18137
1399	18137
1399	1645
1399	18137
1399	18137
1399	18137
1399	18137
1399	18137
1399	18137
1399	18137
1399	18137
1399	47085
1399	4400
1399	47085
1399	47085
1399	47085
1399	51
1399	172
1399	6849
1399	6849
1399	47085
1399	47066
1399	4400
1399	47085
1399	47085
1399	47085
1399	47085
1399	47085
1399	47085
1399	47085
1399	272
1399	51
1399	47085
1399	152
1399	272
1399	51
1399	14882
1399	7865
1399	51
1399	7865
1399	85
1399	7865
1399	85
1399	384
1399	51
1399	846
1399	50
1399	50
1399	51
1399	50
1399	2346
1399	51
1399	499
1399	172
1399	1950
1399	1950
1399	1950
1399	139
1399	51
1399	172
1399	152
1399	11120
1399	50
1399	5605
1399	4400
1399	51
1399	152
1399	50
1399	28337
1399	152
1399	85
1399	1626
1399	85
1399	1626
1399	85
1399	152
1399	1626
1399	85
1399	272
1399	1512
1399	1485
1399	51
1399	1485
1399	50
1399	1950
1399	328
1399	1485
1399	47087
1399	1485
1399	47087
1399	1485
1399	47087
1399	1485
1399	47087
1399	821
1399	152
1399	11120
1399	152
1399	536
1399	5605
1399	536
1399	152
1399	50
1399	28337
1399	91
1399	177
1399	272
1399	152
1399	50
1399	177
1399	177
1399	7865
1399	51
1399	18137
1399	18137
1399	152
1399	1543
1399	5605
1399	4400
1399	47085
1399	47085
1399	5605
1399	4400
1399	5605
1399	4400
1399	51
1399	47085
1399	5605
1399	4400
1399	5605
1399	4400
1399	5605
1399	4400
1399	5605
1399	4400
1399	4400
1399	5605
1399	4400
1399	5605
1399	4400
1399	5605
1399	4400
1399	47085
1399	5605
1399	4400
1399	5605
1399	4400
1399	5605
1399	4400
1399	5605
1399	4400
1399	5605
1399	4400
1399	29227
1399	5605
1399	1485
1399	7865
1399	51
1399	821
1399	51
1399	821
1399	51
1399	5605
1399	821
1399	1902
1399	152
1399	50
1399	821
1399	50
1399	821
1399	51
1399	5605
1399	1902
1399	51
1399	50
1399	272
1399	272
1399	821
1399	821
1399	47071
1399	821
1399	5605
1399	821
1399	47199
1399	272
1399	821
1399	821
1399	51
1399	152
1399	821
1399	51
1399	152
1399	821
1399	51
1399	272
1399	821
1399	51
1399	5605
1399	272
1399	821
1399	272
1399	821
1399	272
1399	821
1399	5605
1399	272
1399	821
1399	51
1399	5605
1399	821
1399	51
1399	821
1399	51
1399	5605
1399	821
1399	272
1399	2279
1399	5067
1399	5004
1399	152
1399	11120
1399	31719
1399	50
1399	2668
1399	50
1399	6745
1399	5605
1399	862
1399	6575
1399	6745
1399	862
1399	272
1399	47214
1399	152
1399	31716
1399	50
1509	187
1509	644
1509	2618
1509	1844
1509	72
1509	523
1509	5867
1509	2594
1509	83
1509	384
1509	849
1509	4
1509	177
1509	408
1509	83
1509	187
1509	1199
1509	187
1509	187
1509	126
1509	187
1509	187
1509	187
1524	633
1524	31
1524	633
1524	633
1524	49207
1524	633
1524	9857
1524	633
1524	49209
1524	49183
1524	633
1524	49207
1524	49209
1524	49233
1592	83
1592	12503
1592	2063
1592	864
1592	43
1592	49948
1592	83
1592	43
1592	11000
1592	83
1592	83
1592	12540
1592	177
1592	12540
1592	177
1592	83
1592	11
1592	176
1592	4949
1592	2183
1592	36229
1592	19559
1592	19559
1592	12503
1592	43
1592	12503
1592	2063
39	7196
1656	51911
1656	7706
1656	409
1656	7706
1656	15739
1656	51911
1656	7706
1656	51911
1656	7706
1632	54028
1632	1647
1632	2053
1632	1647
1632	54028
1632	614
1632	614
1632	54029
1632	12483
1632	22715
1632	7406
1632	17041
1632	10186
1632	8107
1632	8107
1632	8107
1632	54030
1632	12483
1632	6635
1632	8107
1632	54031
1632	1647
1632	54032
1632	53918
1632	54033
1632	53916
1632	54033
1632	1647
1632	1647
1632	1647
1632	4114
1632	53924
1632	14749
1632	12525
1632	53949
1632	4556
1632	644
1632	4556
1632	644
1632	33709
1632	1647
1632	33709
1632	1647
1632	7965
1632	7965
1632	643
1632	643
1632	643
1632	54034
1632	53924
1632	54035
1632	643
1632	54035
1632	54035
1632	53913
1632	54036
1632	614
1632	614
1632	614
1632	614
1632	614
1632	614
1632	614
1632	26029
1632	4987
1632	1647
1632	1647
1632	29411
1632	9783
1632	54024
1632	4311
1632	4311
1632	54024
1632	644
1632	54024
1632	54024
1632	7965
1632	1647
1632	1857
1994	2783
1994	1638
1994	1274
1994	1638
1994	56943
1994	10984
1994	56943
1994	12503
1994	10984
1994	7317
1994	10984
1994	4323
1994	26378
1994	12503
1994	7898
1994	7780
1994	1638
1994	83
1994	1638
1994	83
1994	36002
1994	56965
1994	3388
1994	10984
1994	1639
1994	710
1994	3385
1994	3388
1994	3385
1994	3385
1994	1647
1994	4325
1994	4326
1994	56943
1994	10984
1994	3385
1994	3385
1994	3388
1994	8034
1994	1639
1994	3385
1994	710
1994	3388
1994	8034
1994	4323
1994	3356
1994	12503
1994	10984
1994	1638
1994	492
1994	12503
1994	4560
1994	5276
1994	12503
1994	492
1994	56943
1994	3356
1994	492
1994	11026
1994	56968
1994	7780
1994	4325
1994	3385
1994	56968
1994	7780
1994	1274
1994	819
1994	83
1994	1647
1994	7780
1994	7780
1994	56959
1994	56945
1994	56959
1994	8034
1994	4560
1994	3385
1994	4560
1994	56959
1994	10984
1994	3356
1994	3356
1994	3385
1994	56959
1994	316
1994	56945
2103	101
2103	14781
2103	1199
2103	1199
2103	1199
2103	63280
2103	19543
2103	13854
2103	47209
2103	633
2103	2942
2103	1635
2103	6939
2103	774
2103	528
2103	44532
2103	17947
2424	3
2424	221
2424	1253
2424	7
2424	59
1255	13854
1255	23828
1255	458
1255	91
1255	24225
1255	30474
1255	145
1255	633
1255	13854
1255	91
1255	559
1255	24225
1255	145
1255	633
1255	770
1255	560
2739	727
2739	2393
2739	13822
2739	177
2739	3394
2739	17803
2739	3964
2739	2197
2739	55
2739	172
2739	174
2739	681
2739	6
2739	26
2739	53
2739	7783
2739	1945
2739	11376
2739	819
2739	1581
2739	177
2739	70
2739	860
2739	1254
2739	909
2739	908
2739	111
2739	14753
2739	402
2739	492
2739	1585
2739	5343
2739	56
2739	6235
2739	4356
2739	918
2739	2776
2739	1155
2739	177
2739	1155
2739	3487
2739	177
2739	475
2739	3205
2739	2764
2739	303
2739	2647
2739	14116
2739	1343
2739	14753
2739	245
2739	71
2739	482
2739	1150
2739	174
2739	11376
2739	471
2739	819
2739	169
2739	475
2739	187
2739	860
2739	1254
2739	51
2739	53
2739	924
2739	76
2739	51
2739	924
2739	854
2739	2710
2739	5289
2739	26137
2739	14753
2739	14753
2739	6329
2739	177
2739	177
2739	33751
2739	1463
2739	1447
2739	177
2739	861
2739	681
2739	177
2739	4380
2739	6044
2739	213
2739	854
2739	1174
2739	83475
2739	846
2739	1930
2739	820
2739	958
2739	3292
2739	41780
2739	854
2739	1727
2739	70
2739	861
2739	83
2739	172
2739	854
2739	83
2739	854
2739	83
2739	854
2739	83
2739	854
2739	83
2739	854
2739	83
2739	854
2739	883
2739	2336
2739	149
2739	475
2739	6
2739	186
2739	6
2739	186
2739	791
2739	6
2739	6
2739	149
2739	6
2739	186
2739	6
2739	6287
2739	55
2739	847
2739	172
2739	83475
2739	187
2739	14753
2739	854
2739	1174
2739	1343
2739	4052
2739	21913
2739	883
2739	11376
2739	819
2739	83
2739	11902
2739	303
2739	1463
2739	172
2739	83487
2739	1174
2739	175
2739	4268
2739	908
2739	819
2739	175
2739	888
2739	172
2739	174
2739	1659
2739	908
2739	175
2739	49333
2739	172
2739	908
2739	1161
2739	831
2739	70
2739	475
2739	16701
2739	203
2739	475
2739	2764
2739	303
2739	1463
2739	2156
2739	540
2739	819
2739	70
2739	475
2739	303
2739	1463
2739	175
2739	316
2739	8482
2739	83040
2739	4401
2739	1199
3088	839
3088	839
3088	87
3088	871
3088	53
3088	31
3088	14794
3088	839
3088	87
3088	871
3088	839
3088	87
3088	553
3088	871
3088	87
3088	1467
3088	5384
3088	5232
3088	91442
3088	25
3088	91453
3088	1467
3088	1467
3088	87
3088	871
3088	87
3088	871
3088	91453
3088	91453
3088	91453
3088	91453
3088	91453
3088	91453
3088	91453
3088	91453
3088	91453
3088	780
3190	633
3190	2228
3190	96767
3190	14483
3190	633
3190	633
3190	633
3190	633
3190	633
3190	633
3190	633
3190	633
3190	633
3190	633
3190	633
3190	519
3190	2808
3190	1497
3190	519
3190	177
3190	1691
3190	114
3190	523
3190	114
3190	1645
3190	76
3190	114
3723	24235
3723	24225
3723	633
3723	24235
3723	24225
3723	633
3723	3664
3723	819
3723	83
3723	384
3723	1266
266	57
266	3287
266	961
266	142
266	766
266	53
266	3765
266	177
266	53
266	1691
266	245
266	207
266	2208
266	3765
266	245
266	4720
266	43
266	4332
266	7823
266	7156
266	245
266	207
266	59
266	9
266	829
266	107468
266	7156
266	5867
266	2594
266	445
266	399
266	43
266	829
266	12434
266	860
266	43
266	873
266	192
266	43
266	1709
266	80355
266	4332
266	2334
266	5867
266	4560
266	492
266	316
266	888
266	80355
266	7156
266	245
266	59
266	43
266	829
266	4332
266	7156
266	198
266	2497
266	829
266	4546
266	1215
266	157
266	198
266	1637
266	550
266	829
266	854
266	80355
266	4332
266	2334
266	870
266	821
266	860
266	83
266	43
266	475
266	91
266	19512
266	192
266	862
266	53
266	43
266	99
266	175
266	174
266	908
266	633
266	633
266	1902
266	74
266	177
266	1691
266	523
266	3815
266	207
266	174
266	4332
266	245
266	523
266	7156
266	873
266	831
266	829
266	1639
266	873
266	470
266	695
266	43
266	829
266	305
266	55
266	142
266	849
266	177
266	70
266	83
266	12469
266	1902
266	829
266	523
266	824
266	43
266	4332
266	2334
266	500
266	245
266	9
266	43
266	829
266	2698
266	500
266	59
266	9
266	43
266	829
266	4631
266	80355
266	1902
266	2396
266	854
266	2594
266	70
266	2585
266	83
266	43
266	2651
266	2171
266	9397
266	107661
266	61537
266	5867
266	107662
266	107663
266	523
266	7156
266	873
266	1455
266	482
266	43
266	829
266	99
266	6156
266	169
266	540
266	876
266	83
266	83308
266	43
266	142
266	550
266	43
266	829
266	523
266	107664
266	177
266	2594
266	1134
266	5867
266	2594
266	150
266	1582
266	1754
266	14718
266	177
266	1691
266	819
266	1902
266	860
266	83
266	1902
266	83504
266	83
266	475
266	12705
266	870
266	1902
266	860
266	83
266	43
266	12469
266	445
266	12069
266	43
266	56
266	829
266	4980
266	3195
266	53
266	99
266	2594
266	445
266	1902
266	873
266	1455
266	83
266	43
266	829
266	289
266	70
266	245
266	83
266	2669
266	27716
266	346
266	241
266	83
266	107665
266	873
266	1455
266	83
266	43
266	829
266	523
266	12705
266	1455
266	43
266	829
266	523
266	55
266	819
266	2003
266	50
266	43
266	492
266	6156
266	819
266	43
266	1266
266	633
266	633
266	7156
266	873
266	316
266	43
266	829
266	20428
266	43
266	12527
266	860
266	245
266	71
266	43
266	873
266	173
266	56
266	829
266	1659
266	7156
266	292
266	31
266	1902
266	829
266	7156
266	500
266	860
266	4871
266	873
266	500
266	860
266	43
266	829
266	316
266	2681
266	2679
266	83
266	43
266	5867
266	1134
266	57
266	500
266	766
266	4980
266	3195
266	53
266	107666
266	7156
266	500
266	316
266	829
266	107468
266	7657
266	2594
266	445
266	70
266	83
266	7156
266	870
266	873
266	4565
266	860
266	829
266	633
266	2594
266	2594
266	439
266	4422
266	175
266	55
266	856
266	1439
266	43
266	174
266	850
266	6106
266	55
266	43
266	829
266	174
266	3815
266	850
266	6106
266	175
266	43
266	174
266	850
266	6106
266	55
266	174
266	3815
266	175
266	1150
266	6246
266	174
266	7156
266	245
266	71
266	59
266	1800
266	9
266	829
266	25078
266	19257
266	2972
266	1635
266	31
266	821
266	958
266	7156
266	59506
266	5867
266	2594
266	445
266	829
266	2214
266	860
266	59
266	43
266	829
266	3195
266	99
266	2594
266	401
266	2183
266	873
266	175
266	74
266	174
266	111
266	33571
266	49
266	53
266	523
266	10013
266	4332
266	1134
266	13644
266	5036
2981	113224
2981	113225
2981	11956
2981	6727
2981	17814
2981	88881
2981	112905
2981	2100
2981	5278
2981	1671
2981	112528
2981	76
2981	112790
2981	56
2981	8268
2981	226
2981	528
2981	10393
2981	113226
2981	2100
2981	1671
2981	113227
2981	112528
2981	76
2981	112790
2981	32085
2981	80355
2981	236
2981	15950
2981	83
2981	112615
2981	226
2981	6727
2981	17814
2981	88881
2981	113060
2981	1300
2981	540
2981	895
2981	15950
2981	112578
2981	88879
2981	112792
2981	112793
2981	12322
2981	112858
2981	8104
2981	74
2981	112618
2981	821
2981	1300
2981	1267
2981	112618
2981	428
2981	15950
2981	112581
2981	112615
2981	226
2981	528
2981	1300
2981	112618
2981	428
2981	15950
2981	112581
2981	112615
2981	226
2981	528
2981	8104
2981	112618
2981	8104
2981	142
2981	112618
2981	8104
2981	142
2981	112618
2981	112618
2981	112713
2981	2519
2981	112905
2981	112618
2981	112618
2981	112615
2981	226
2981	873
2981	148
2981	401
2981	424
2981	51587
2981	7976
2981	72
2981	245
2981	59
2981	1674
2981	829
2981	1343
2981	6727
2981	895
2981	101745
2981	17814
2981	88881
2981	112515
2981	8262
2981	52664
2981	293
2981	139
2981	96798
2981	969
2981	257
2981	2764
2981	158
2981	72
2981	245
2981	112641
2981	112905
2981	88874
2981	1267
2981	5278
2981	74
2981	139
2981	313
2981	257
2981	2764
2981	76
2981	401
2981	955
2981	88878
2981	72
2981	245
2981	11550
2981	112572
2981	303
2981	56
2981	8268
2981	1267
2981	139
2981	257
2981	11550
2981	112905
2981	1267
2981	5278
2981	139
2981	76
2981	56
2981	8268
2981	2855
2981	12111
2981	328
2981	4602
2981	127
2981	34062
2981	705
2981	876
2981	6702
2981	332
2981	113228
2981	6250
2981	3442
2981	1300
2981	142
2981	32085
2981	11109
2981	15950
2981	1300
2981	540
2981	142
2981	257
2981	2764
2981	399
2981	51587
2981	15950
2981	112578
2981	88879
2981	43
2981	829
2981	475
2981	1362
2981	8290
2981	32085
2981	22700
2981	187
2981	32085
2981	15950
2981	475
2981	1362
2981	113060
2981	1300
2981	540
2981	895
2981	15950
2981	51834
2981	3353
2981	112578
2981	88879
2981	113060
2981	1300
2981	1267
2981	540
2981	112712
2981	22030
2981	895
2981	76
2981	51587
2981	15950
2981	51834
2981	83
2981	88879
2981	148
2981	888
2981	1267
2981	888
2981	464
2981	139
2981	424
2981	113229
2981	1338
2981	1343
2981	888
2981	895
2981	139
2981	1651
2981	101745
2981	6401
2981	7976
2981	72
2981	245
2981	7937
2981	888
2981	464
2981	28188
2981	1267
2981	6727
2981	17814
2981	88881
2981	1267
2981	6727
2981	17814
2981	88881
2981	113230
2981	16144
2981	113114
2981	11956
2981	28188
2981	6727
2981	17814
2981	88881
2981	633
2981	332
2981	112957
2981	28188
2981	1267
2981	332
2981	112957
2981	1267
2981	332
2981	112957
2981	113231
2981	113115
2981	113232
2981	2855
2981	3442
2981	2855
2981	113214
2981	11956
2981	3442
2981	6727
2981	17814
2981	88881
2981	6727
2981	895
2981	17814
2981	88881
2981	11956
2981	7877
2981	112905
2981	1267
2981	35823
2981	690
2981	438
2981	44729
2981	475
2981	1362
2981	332
2981	11956
2981	3442
2981	112769
2981	401
2981	112535
2981	28188
2981	19031
2981	7917
2981	332
2981	3442
2981	966
2981	8269
2981	113083
2981	648
2981	112905
2981	5278
2981	273
2981	690
2981	76
2981	56
2981	8268
2981	528
2981	438
2981	80355
2981	236
2981	113060
2981	888
2981	464
2981	895
2981	1651
2981	101745
2981	1267
2981	888
2981	464
2981	8262
2981	52664
2981	112838
2981	148
2981	293
2981	158
2981	51587
2981	245
2981	148
2981	293
2981	51587
2981	245
2981	1300
2981	1267
2981	187
2981	5278
2981	148
2981	293
2981	76
2981	112599
2981	8290
2981	51587
2981	15950
2981	245
2981	1674
2981	1650
2981	56
2981	8268
2981	829
2981	293
2981	876
2981	332
2981	28188
2981	187
2981	112986
2981	1255
2981	148
2981	464
2981	51587
2981	245
2981	1674
2981	888
2981	464
2981	51834
2981	888
2981	464
2981	888
2981	464
2981	888
2981	464
2981	888
2981	464
2981	888
2981	464
2981	2855
2981	1267
2981	6727
2981	17814
2981	88881
2981	6727
2981	113233
2981	17814
2981	88881
2981	1642
2981	528
2981	113004
2981	113021
2981	6727
2981	17814
2981	88881
2981	6727
2981	895
2981	101745
2981	113234
2981	17814
2981	88881
2981	1300
2981	51587
2981	332
2981	15950
2981	28188
2981	245
2981	1674
2981	1300
2981	895
2981	15950
2981	28188
2981	245
2981	1674
2981	888
2981	464
2981	888
2981	464
2981	888
2981	464
2981	6727
2981	2913
2981	5689
2981	17814
2981	88881
2981	888
2981	464
2981	142
2981	28188
2981	2054
2981	895
2981	293
2981	1300
2981	464
2981	895
2981	293
2981	51587
2981	332
2981	15950
2981	2800
2981	888
2981	464
2981	895
2981	1651
2981	34062
2981	112957
2981	28188
2981	113114
2981	113114
2981	7938
2981	112599
2981	8290
2981	332
2981	28188
2981	1267
2981	6727
2981	112957
2981	17814
2981	88881
2981	1267
2981	6727
2981	112957
2981	17814
2981	88881
2981	1267
2981	6727
2981	2913
2981	112957
2981	17814
2981	88881
2981	888
2981	464
2981	1651
2981	2075
2981	633
2981	888
2981	464
2981	1651
2981	28188
2981	633
2981	633
2981	633
2981	633
2981	633
2981	633
2981	2855
2981	6727
2981	17814
2981	88881
2981	113114
2981	1267
2981	6727
2981	17814
2981	88881
2981	6727
2981	2913
2981	17814
2981	88881
2981	6727
2981	17814
2981	88881
2981	6727
2981	17814
2981	88881
2981	1267
2981	6727
2981	2804
2981	110835
2981	1388
2981	88882
2981	11502
2981	17814
2981	88881
2981	6727
2981	17814
2981	88881
2981	6727
2981	113187
2981	17814
2981	88881
4137	139
4137	313
4137	401
4137	384
4137	933
4238	6554
4238	25664
4238	6554
4238	7956
4238	2068
4238	6554
4238	7956
4238	2068
4238	45122
4238	4628
4238	19271
1134	43879
1134	122826
1134	54897
1134	4433
1134	9506
1134	3672
1134	4433
1134	9506
1134	3672
1134	4489
1134	4612
1134	4433
1134	122827
1134	122827
1134	121735
1134	121735
1134	122828
1134	122829
1134	121735
1134	43879
1134	4612
1134	9612
1134	111
1134	4433
1134	4612
1134	1150
1134	42932
1134	122283
1134	82341
1134	122767
1134	4612
1134	860
1134	122767
1134	4612
1134	860
4577	12707
4577	131495
4577	131461
4577	131496
4577	11534
211	2818
211	11991
211	39153
211	49
211	11991
211	150
211	2612
211	7616
211	10506
211	39153
211	15750
211	15750
211	4700
211	49
211	1635
211	10506
211	2612
211	39153
211	49
211	4700
211	49
211	738
211	162197
211	10506
211	39153
211	162205
211	49
211	1635
396	184625
396	184626
396	625
396	87577
396	184506
396	2472
396	49804
396	184627
396	49796
396	184628
396	49804
396	49790
396	49791
4960	110482
4960	187907
4960	42347
4960	187898
4960	187898
33	52822
33	4985
33	15849
33	9366
33	4985
33	394
33	24852
33	1707
33	771
33	293
