Q: 638 4541 140 140 
Q: 122 647 54 54 
Q: 641 159623 82 82 
Q: 70 4914 155 155 
Q: 2460 85280 163 163 
Q: 416 33533 88 88 
Q: 3730 5563 178 178 
Q: 641 12156 82 82 
Q: 2077 63391 47 47 
Q: 137 5379 136 136 
Q: 122 7414 54 54 
Q: 137 1519 136 136 
Q: 105 7482 136 136 
Q: 2460 15346 163 163 
Q: 1863 49291 174 174 
Q: 2460 6298 163 163 
Q: 1682 7396 99 99 
Q: 1682 184493 99 99 
Q: 1863 51963 174 174 
Q: 145 4554 39 39 
Q: 62 7532 128 128 
Q: 122 4912 54 54 
Q: 3828 24930 118 118 
Q: 594 17126 117 117 
Q: 1863 47313 174 174 
Q: 145 80377 39 39 
Q: 2077 7469 47 47 
Q: 145 21139 39 39 
Q: 2460 58407 163 163 
Q: 1863 91040 174 174 
Q: 1682 10634 99 99 
Q: 1682 48902 99 99 
Q: 641 5496 82 82 
Q: 122 25066 54 54 
Q: 641 13090 82 82 
Q: 416 7509 88 88 
Q: 3828 26509 118 118 
Q: 416 48232 88 88 
Q: 594 1945 117 117 
Q: 62 9910 128 128 
Q: 145 3559 39 39 
Q: 145 2423 39 39 
Q: 638 7306 140 140 
Q: 305 182719 162 162 
Q: 137 201541 136 136 
Q: 62 112663 128 128 
Q: 416 14633 88 88 
Q: 2460 37068 163 163 
Q: 27 48224 27 27 
Q: 305 61542 162 162 
Q: 822 82821 174 174 
Q: 1682 144304 99 99 
Q: 27 4911 27 27 
Q: 1682 19784 99 99 
Q: 116 84949 93 93 
Q: 594 146367 117 117 
Q: 62 8118 128 128 
Q: 3730 32985 178 178 
Q: 122 140318 54 54 
Q: 27 4912 27 27 
Q: 594 112778 117 117 
Q: 27 4911 27 27 
Q: 594 19235 117 117 
Q: 3730 202491 178 178 
Q: 638 688 140 140 
Q: 122 4914 54 54 
Q: 822 15763 174 174 
Q: 105 4912 136 136 
Q: 2077 47186 47 47 
Q: 594 32335 117 117 
Q: 3730 138833 178 178 
Q: 638 342 140 140 
Q: 2077 18566 47 47 
Q: 641 94188 82 82 
Q: 3730 118782 178 178 
Q: 1682 5555 99 99 
Q: 822 9732 174 174 
Q: 70 29569 155 155 
Q: 2077 122654 47 47 
Q: 641 24150 82 82 
Q: 105 7345 136 136 
Q: 641 6505 82 82 
Q: 822 60488 174 174 
Q: 145 1851 39 39 
Q: 105 4911 136 136 
Q: 145 7469 39 39 
Q: 3828 88255 118 118 
Q: 122 4914 54 54 
Q: 1863 4912 174 174 
Q: 638 25431 140 140 
Q: 594 3920 117 117 
Q: 1682 7416 99 99 
Q: 2460 1630 163 163 
Q: 3828 1851 118 118 
Q: 27 1158 27 27 
Q: 137 7528 136 136 
Q: 3828 6 118 118 
Q: 3730 4914 178 178 
Q: 145 14812 39 39 
Q: 27 42893 27 27 
Q: 638 4912 140 140 
Q: 70 6570 155 155 
Q: 594 78642 117 117 
Q: 27 48251 27 27 
Q: 638 35185 140 140 
Q: 2077 47138 47 47 
Q: 70 29129 155 155 
Q: 145 100475 39 39 
Q: 105 98243 136 136 
Q: 27 26528 27 27 
Q: 62 44096 128 128 
Q: 122 73614 54 54 
Q: 2077 2607 47 47 
Q: 638 7386 140 140 
Q: 137 8949 136 136 
Q: 3828 8316 118 118 
Q: 1682 172 99 99 
Q: 822 160530 174 174 
Q: 137 81303 136 136 
Q: 2460 179448 163 163 
Q: 62 7566 128 128 
Q: 1863 5458 174 174 
Q: 822 15543 174 174 
Q: 145 73391 39 39 
Q: 822 27164 174 174 
Q: 594 23082 117 117 
Q: 3828 24914 118 118 
Q: 3828 23891 118 118 
Q: 641 24124 82 82 
Q: 122 12504 54 54 
Q: 305 10953 162 162 
Q: 2460 1550 163 163 
Q: 116 75119 93 93 
Q: 1863 142173 174 174 
Q: 2077 4912 47 47 
Q: 2077 177009 47 47 
Q: 305 70376 162 162 
Q: 3730 4911 178 178 
Q: 638 3967 140 140 
Q: 62 146235 128 128 
Q: 305 192700 162 162 
Q: 145 4394 39 39 
Q: 137 5217 136 136 
Q: 122 2373 54 54 
Q: 2460 2942 163 163 
Q: 416 1132 88 88 
Q: 822 160530 174 174 
Q: 822 63836 174 174 
Q: 62 50070 128 128 
Q: 305 20348 162 162 
Q: 416 18139 88 88 
Q: 416 4914 88 88 
Q: 2460 89667 163 163 
Q: 3828 157649 118 118 
Q: 3828 14390 118 118 
Q: 822 132570 174 174 
Q: 2460 14301 163 163 
Q: 305 1042 162 162 
Q: 1682 204293 99 99 
Q: 638 35243 140 140 
Q: 122 127600 54 54 
Q: 145 5592 39 39 
Q: 305 77272 162 162 
Q: 822 173075 174 174 
Q: 594 3803 117 117 
Q: 116 15240 93 93 
Q: 416 53995 88 88 
Q: 137 23309 136 136 
Q: 3730 68538 178 178 
Q: 27 123 27 27 
Q: 641 2614 82 82 
Q: 1682 579 99 99 
Q: 638 13510 140 140 
Q: 594 4226 117 117 
Q: 1863 51976 174 174 
Q: 594 15516 117 117 
Q: 2460 190726 163 163 
Q: 122 63395 54 54 
Q: 305 54925 162 162 
Q: 122 4914 54 54 
Q: 122 225 54 54 
Q: 638 14433 140 140 
Q: 3730 45848 178 178 
Q: 3730 445 178 178 
Q: 3730 5458 178 178 
Q: 638 4912 140 140 
Q: 145 52303 39 39 
Q: 105 7404 136 136 
Q: 105 182601 136 136 
Q: 594 63366 117 117 
Q: 822 78970 174 174 
Q: 2460 35528 163 163 
Q: 70 141217 155 155 
Q: 27 42572 27 27 
Q: 27 48229 27 27 
Q: 70 189715 155 155 
Q: 594 3765 117 117 
Q: 62 25463 128 128 
Q: 641 44529 82 82 
Q: 3730 4912 178 178 
Q: 145 26505 39 39 
Q: 594 26762 117 117 
Q: 137 49234 136 136 
Q: 641 16880 82 82 
Q: 1863 160530 174 174 
Q: 3828 12751 118 118 
Q: 116 44041 93 93 
Q: 305 54045 162 162 
Q: 2460 47151 163 163 
Q: 1682 3597 99 99 
Q: 105 4914 136 136 
Q: 3730 131257 178 178 
Q: 137 7401 136 136 
Q: 3730 160530 178 178 
Q: 27 25086 27 27 
Q: 116 15469 93 93 
Q: 638 4912 140 140 
Q: 137 7474 136 136 
Q: 70 193683 155 155 
Q: 416 4145 88 88 
Q: 2077 4911 47 47 
Q: 305 37337 162 162 
Q: 305 43099 162 162 
Q: 641 44653 82 82 
Q: 305 163016 162 162 
Q: 1682 4912 99 99 
Q: 62 4911 128 128 
Q: 105 134854 136 136 
Q: 416 6000 88 88 
Q: 3828 7647 118 118 
Q: 105 7464 136 136 
Q: 105 44673 136 136 
Q: 116 19208 93 93 
Q: 305 99781 162 162 
Q: 70 16115 155 155 
Q: 416 4912 88 88 
Q: 641 2793 82 82 
Q: 137 160071 136 136 
Q: 122 7344 54 54 
Q: 137 54599 136 136 
Q: 145 14769 39 39 
Q: 2460 9627 163 163 
Q: 305 3086 162 162 
Q: 122 7280 54 54 
Q: 416 166190 88 88 
Q: 62 4912 128 128 
Q: 137 191504 136 136 
Q: 2077 27532 47 47 
Q: 116 185293 93 93 
Q: 145 26516 39 39 
Q: 3828 4105 118 118 
Q: 105 23258 136 136 
Q: 641 3105 82 82 
Q: 122 23302 54 54 
Q: 822 160530 174 174 
Q: 137 5253 136 136 
Q: 641 4914 82 82 
Q: 116 9324 93 93 
Q: 3730 201614 178 178 
Q: 122 11074 54 54 
Q: 822 80 174 174 
Q: 105 16342 136 136 
Q: 822 147419 174 174 
Q: 116 105779 93 93 
Q: 638 192688 140 140 
Q: 594 13807 117 117 
Q: 3828 11916 118 118 
Q: 3730 50435 178 178 
Q: 594 28060 117 117 
Q: 1682 87843 99 99 
Q: 116 6698 93 93 
Q: 416 44715 88 88 
Q: 62 12521 128 128 
Q: 638 118222 140 140 
Q: 62 9062 128 128 
Q: 145 2643 39 39 
Q: 116 7468 93 93 
Q: 3730 201888 178 178 
Q: 1682 44495 99 99 
Q: 305 98555 162 162 
Q: 3730 138136 178 178 
Q: 116 7396 93 93 
Q: 116 14705 93 93 
Q: 70 47054 155 155 
Q: 822 163755 174 174 
Q: 145 63341 39 39 
Q: 3730 18436 178 178 
Q: 2460 183703 163 163 
Q: 305 7585 162 162 
Q: 62 4912 128 128 
Q: 105 45933 136 136 
Q: 638 20987 140 140 
Q: 822 160530 174 174 
Q: 3730 65323 178 178 
Q: 116 36956 93 93 
Q: 2460 164619 163 163 
Q: 122 191094 54 54 
Q: 1863 117993 174 174 
Q: 1863 65628 174 174 
Q: 27 17312 27 27 
Q: 416 4911 88 88 
Q: 105 13514 136 136 
Q: 1863 39636 174 174 
Q: 305 1042 162 162 
Q: 594 96 117 117 
Q: 70 53572 155 155 
Q: 137 188250 136 136 
Q: 305 47108 162 162 
Q: 70 49592 155 155 
Q: 2460 87588 163 163 
Q: 105 119907 136 136 
Q: 2460 49841 163 163 
Q: 2460 113465 163 163 
Q: 105 28858 136 136 
Q: 822 39826 174 174 
Q: 1863 160530 174 174 
Q: 116 289 93 93 
Q: 641 44735 82 82 
Q: 122 1107 54 54 
Q: 27 133331 27 27 
Q: 638 2747 140 140 
Q: 1682 14539 99 99 
Q: 27 26514 27 27 
Q: 116 103427 93 93 
Q: 594 147675 117 117 
Q: 638 95588 140 140 
Q: 2460 204321 163 163 
Q: 416 168487 88 88 
Q: 1682 66845 99 99 
Q: 70 29182 155 155 
Q: 122 26527 54 54 
Q: 641 23237 82 82 
Q: 70 118778 155 155 
Q: 305 21727 162 162 
Q: 27 4911 27 27 
Q: 638 86059 140 140 
Q: 105 37309 136 136 
Q: 638 3773 140 140 
Q: 105 47148 136 136 
Q: 62 44785 128 128 
Q: 641 105856 82 82 
Q: 62 2130 128 128 
Q: 641 4912 82 82 
Q: 416 5334 88 88 
Q: 1682 150621 99 99 
Q: 594 97338 117 117 
Q: 70 49070 155 155 
Q: 116 2488 93 93 
Q: 2077 1020 47 47 
Q: 1682 67145 99 99 
Q: 2460 63012 163 163 
Q: 2077 63286 47 47 
Q: 594 7436 117 117 
Q: 416 4911 88 88 
Q: 305 90931 162 162 
Q: 2077 130517 47 47 
Q: 70 7015 155 155 
Q: 594 19278 117 117 
Q: 1863 72697 174 174 
Q: 62 1543 128 128 
Q: 3828 7722 118 118 
Q: 1682 1954 99 99 
Q: 105 4912 136 136 
Q: 1682 7671 99 99 
Q: 122 15613 54 54 
Q: 70 34583 155 155 
Q: 594 6980 117 117 
Q: 416 7471 88 88 
Q: 70 47125 155 155 
Q: 145 5561 39 39 
Q: 641 10168 82 82 
Q: 70 4911 155 155 
Q: 305 68709 162 162 
Q: 145 4547 39 39 
Q: 1682 13197 99 99 
Q: 1863 16343 174 174 
Q: 62 48238 128 128 
Q: 1682 2730 99 99 
Q: 594 23035 117 117 
Q: 62 4911 128 128 
Q: 70 50992 155 155 
Q: 2077 201008 47 47 
Q: 1863 171762 174 174 
Q: 70 4911 155 155 
Q: 62 4912 128 128 
Q: 70 46642 155 155 
Q: 137 6975 136 136 
Q: 137 28189 136 136 
Q: 1863 171145 174 174 
Q: 3730 160530 178 178 
Q: 1863 198190 174 174 
Q: 1682 7779 99 99 
Q: 27 105845 27 27 
Q: 822 160530 174 174 
Q: 105 68911 136 136 
Q: 2077 7707 47 47 
Q: 416 149013 88 88 
Q: 27 10477 27 27 
Q: 2460 67379 163 163 
Q: 62 43528 128 128 
Q: 1682 4912 99 99 
Q: 3730 157864 178 178 
Q: 2077 806 47 47 
Q: 105 35010 136 136 
Q: 137 8288 136 136 
Q: 1863 141193 174 174 
Q: 116 705 93 93 
Q: 70 29647 155 155 
Q: 62 6217 128 128 
Q: 2077 9317 47 47 
Q: 145 7485 39 39 
Q: 822 127491 174 174 
Q: 2077 4034 47 47 
Q: 27 7507 27 27 
Q: 416 603 88 88 
Q: 3730 201399 178 178 
Q: 3828 2618 118 118 
Q: 70 89992 155 155 
Q: 3730 188200 178 178 
Q: 641 21163 82 82 
Q: 62 14097 128 128 
Q: 1863 17177 174 174 
Q: 638 15873 140 140 
Q: 416 7565 88 88 
Q: 1682 3820 99 99 
Q: 416 70482 88 88 
Q: 822 153405 174 174 
Q: 638 42701 140 140 
Q: 116 29054 93 93 
Q: 2077 82819 47 47 
Q: 62 197746 128 128 
Q: 62 83230 128 128 
Q: 122 47172 54 54 
Q: 27 76612 27 27 
Q: 305 77180 162 162 
Q: 638 7520 140 140 
Q: 305 22582 162 162 
Q: 1682 82376 99 99 
Q: 137 21811 136 136 
Q: 105 11046 136 136 
Q: 3828 153 118 118 
Q: 116 4 93 93 
Q: 105 4914 136 136 
Q: 116 7503 93 93 
Q: 3828 7451 118 118 
Q: 2460 64787 163 163 
Q: 2077 63275 47 47 
Q: 594 23550 117 117 
Q: 416 21578 88 88 
Q: 116 29057 93 93 
Q: 3730 201370 178 178 
Q: 145 3580 39 39 
Q: 62 16807 128 128 
Q: 2077 520 47 47 
Q: 145 193114 39 39 
Q: 594 19339 117 117 
Q: 145 5489 39 39 
Q: 305 55471 162 162 
Q: 2077 4914 47 47 
Q: 638 180824 140 140 
Q: 638 97255 140 140 
Q: 2460 171746 163 163 
Q: 638 4912 140 140 
Q: 145 5563 39 39 
Q: 145 48241 39 39 
Q: 122 6259 54 54 
Q: 1682 52671 99 99 
Q: 1863 61784 174 174 
Q: 1863 1829 174 174 
Q: 105 7453 136 136 
Q: 594 7213 117 117 
Q: 122 43201 54 54 
Q: 62 10243 128 128 
Q: 62 1992 128 128 
Q: 3828 35252 118 118 
Q: 3828 7481 118 118 
Q: 416 7477 88 88 
Q: 3730 5460 178 178 
Q: 137 23725 136 136 
Q: 822 117289 174 174 
Q: 416 29446 88 88 
Q: 70 4912 155 155 
Q: 116 5184 93 93 
Q: 116 48253 93 93 
Q: 3730 98142 178 178 
Q: 122 30081 54 54 
Q: 822 186714 174 174 
Q: 416 7334 88 88 
Q: 305 149589 162 162 
Q: 641 2688 82 82 
Q: 594 7081 117 117 
Q: 2460 9456 163 163 
Q: 1682 4911 99 99 
Q: 27 26497 27 27 
Q: 1863 54586 174 174 
Q: 3730 70981 178 178 
Q: 27 2614 27 27 
Q: 70 158691 155 155 
Q: 116 7495 93 93 
Q: 27 2380 27 27 
Q: 3828 924 118 118 
Q: 822 41769 174 174 
Q: 116 5182 93 93 
Q: 641 570 82 82 
Q: 27 185266 27 27 
Q: 822 5680 174 174 
Q: 638 4925 140 140 
Q: 70 158260 155 155 
Q: 3828 23593 118 118 
Q: 122 26506 54 54 
Q: 145 1216 39 39 
Q: 27 48232 27 27 
Q: 1863 120086 174 174 
Q: 594 1682 117 117 
Q: 416 59088 88 88 
Q: 641 25780 82 82 
Q: 105 14336 136 136 
Q: 122 197834 54 54 
Q: 105 4912 136 136 
Q: 116 75148 93 93 
Q: 1863 160530 174 174 
Q: 2077 22747 47 47 
Q: 105 44039 136 136 
Q: 2077 1465 47 47 
Q: 3828 52229 118 118 
Q: 822 27168 174 174 
Q: 145 7451 39 39 
Q: 116 7563 93 93 
Q: 638 16232 140 140 
Q: 641 4914 82 82 
Q: 594 3688 117 117 
Q: 122 178309 54 54 
Q: 3828 771 118 118 
Q: 305 255 162 162 
Q: 416 87776 88 88 
Q: 1863 5460 174 174 
Q: 638 4914 140 140 
Q: 638 82521 140 140 
Q: 1863 42203 174 174 
Q: 641 13412 82 82 
Q: 3828 32668 118 118 
Q: 641 187193 82 82 
Q: 145 151045 39 39 
Q: 62 4912 128 128 
Q: 2077 4858 47 47 
Q: 1863 41289 174 174 
Q: 2460 16286 163 163 
Q: 2460 96648 163 163 
Q: 1682 42748 99 99 
Q: 62 48241 128 128 
Q: 70 2588 155 155 
Q: 3828 7611 118 118 
Q: 145 2420 39 39 
Q: 822 195525 174 174 
Q: 27 6509 27 27 
Q: 105 11970 136 136 
Q: 2077 4914 47 47 
Q: 137 7437 136 136 
Q: 122 48237 54 54 
Q: 2460 75132 163 163 
Q: 145 10367 39 39 
Q: 416 25763 88 88 
Q: 105 4912 136 136 
Q: 27 26499 27 27 
Q: 2460 71234 163 163 
Q: 116 7267 93 93 
Q: 70 32775 155 155 
Q: 641 18013 82 82 
Q: 137 44267 136 136 
Q: 641 111786 82 82 
Q: 305 51146 162 162 
Q: 137 70 136 136 
Q: 105 42119 136 136 
Q: 1863 146056 174 174 
Q: 822 70790 174 174 
Q: 3828 762 118 118 
Q: 594 150 117 117 
Q: 1682 14300 99 99 
Q: 416 7344 88 88 
Q: 2077 4914 47 47 
Q: 122 21462 54 54 
Q: 638 125363 140 140 
Q: 641 23700 82 82 
Q: 3828 20580 118 118 
Q: 70 63079 155 155 
Q: 62 156150 128 128 
Q: 305 72021 162 162 
Q: 145 4914 39 39 
Q: 822 56181 174 174 
Q: 27 197536 27 27 
Q: 3828 4914 118 118 
Q: 2077 7230 47 47 
Q: 27 6488 27 27 
Q: 105 8747 136 136 
Q: 62 6635 128 128 
Q: 3828 23248 118 118 
Q: 2077 25664 47 47 
Q: 27 26514 27 27 
Q: 641 3531 82 82 
Q: 2460 42354 163 163 
Q: 137 158840 136 136 
Q: 2077 165163 47 47 
Q: 70 165923 155 155 
Q: 1863 1026 174 174 
Q: 70 4914 155 155 
Q: 305 98947 162 162 
Q: 137 19161 136 136 
Q: 27 59805 27 27 
Q: 2460 5257 163 163 
Q: 145 23447 39 39 
Q: 3730 203539 178 178 
Q: 27 144020 27 27 
Q: 137 7296 136 136 
Q: 2077 7372 47 47 
Q: 641 91611 82 82 
Q: 822 160530 174 174 
Q: 594 15821 117 117 
Q: 116 1455 93 93 
Q: 641 182177 82 82 
Q: 122 17380 54 54 
Q: 822 196952 174 174 
Q: 641 6505 82 82 
Q: 116 103272 93 93 
Q: 116 116952 93 93 
Q: 3730 68119 178 178 
Q: 137 168956 136 136 
Q: 122 20481 54 54 
Q: 145 173567 39 39 
Q: 137 24162 136 136 
Q: 27 116973 27 27 
Q: 1682 7410 99 99 
Q: 105 151893 136 136 
Q: 641 4914 82 82 
Q: 2077 34302 47 47 
Q: 116 170070 93 93 
Q: 638 23159 140 140 
Q: 62 10023 128 128 
Q: 3828 47143 118 118 
Q: 116 14751 93 93 
Q: 1682 181638 99 99 
Q: 27 111850 27 27 
Q: 594 118214 117 117 
Q: 822 203078 174 174 
Q: 70 4911 155 155 
Q: 594 3751 117 117 
Q: 137 78788 136 136 
Q: 62 4911 128 128 
Q: 1682 3597 99 99 
Q: 822 25905 174 174 
Q: 105 131681 136 136 
Q: 122 4110 54 54 
Q: 3730 4912 178 178 
Q: 638 12085 140 140 
Q: 137 45620 136 136 
Q: 822 66379 174 174 
Q: 1863 4914 174 174 
Q: 70 4911 155 155 
Q: 122 1266 54 54 
Q: 70 4912 155 155 
Q: 62 7985 128 128 
Q: 116 6688 93 93 
Q: 1682 51262 99 99 
Q: 3730 120956 178 178 
Q: 594 48313 117 117 
Q: 116 7564 93 93 
Q: 62 190177 128 128 
Q: 638 22116 140 140 
Q: 305 28829 162 162 
Q: 27 2423 27 27 
Q: 2460 68652 163 163 
Q: 62 200649 128 128 
Q: 416 66467 88 88 
Q: 62 75221 128 128 
Q: 137 45941 136 136 
Q: 2460 180223 163 163 
Q: 1682 8052 99 99 
Q: 305 10986 162 162 
Q: 70 36404 155 155 
Q: 638 26516 140 140 
Q: 594 160187 117 117 
Q: 416 14928 88 88 
Q: 2460 10094 163 163 
Q: 1863 4428 174 174 
Q: 822 69883 174 174 
Q: 641 112349 82 82 
Q: 2077 47135 47 47 
Q: 3730 103189 178 178 
Q: 145 20512 39 39 
Q: 3730 160530 178 178 
Q: 2460 72570 163 163 
Q: 3730 138194 178 178 
Q: 416 202278 88 88 
Q: 3828 5425 118 118 
Q: 594 1865 117 117 
Q: 822 158002 174 174 
Q: 116 157434 93 93 
Q: 1682 27545 99 99 
Q: 3730 22762 178 178 
Q: 1863 185155 174 174 
Q: 305 89690 162 162 
Q: 1863 113729 174 174 
Q: 105 197705 136 136 
Q: 137 5840 136 136 
Q: 2077 63537 47 47 
Q: 27 112739 27 27 
Q: 416 4243 88 88 
Q: 116 2756 93 93 
Q: 62 3368 128 128 
Q: 116 4180 93 93 
Q: 305 64748 162 162 
Q: 305 15868 162 162 
Q: 137 7285 136 136 
Q: 122 122888 54 54 
Q: 1682 6453 99 99 
Q: 122 4914 54 54 
Q: 70 3696 155 155 
Q: 116 2878 93 93 
Q: 70 63354 155 155 
Q: 822 160530 174 174 
Q: 3828 189794 118 118 
Q: 3828 190982 118 118 
Q: 122 75038 54 54 
Q: 638 159051 140 140 
Q: 305 27878 162 162 
Q: 122 6807 54 54 
Q: 122 7441 54 54 
Q: 105 2707 136 136 
Q: 105 4911 136 136 
Q: 638 7292 140 140 
Q: 822 122789 174 174 
Q: 638 13074 140 140 
Q: 70 6724 155 155 
Q: 641 4796 82 82 
Q: 641 8109 82 82 
Q: 3828 924 118 118 
Q: 2460 187 163 163 
Q: 1682 10637 99 99 
Q: 416 22400 88 88 
Q: 594 17754 117 117 
Q: 1863 118897 174 174 
Q: 2460 41101 163 163 
Q: 638 23151 140 140 
Q: 594 15520 117 117 
Q: 137 47162 136 136 
Q: 145 173158 39 39 
Q: 3730 1609 178 178 
Q: 27 16246 27 27 
Q: 27 11135 27 27 
Q: 27 111 27 27 
Q: 122 81548 54 54 
Q: 305 62043 162 162 
Q: 305 61448 162 162 
Q: 70 52616 155 155 
Q: 105 11351 136 136 
Q: 122 26091 54 54 
Q: 2460 14907 163 163 
Q: 305 70404 162 162 
Q: 1682 192951 99 99 
Q: 822 68798 174 174 
Q: 27 422 27 27 
Q: 2077 4911 47 47 
Q: 2077 7529 47 47 
Q: 3730 66173 178 178 
Q: 3828 7272 118 118 
Q: 594 16917 117 117 
Q: 27 7515 27 27 
Q: 2460 66056 163 163 
Q: 416 35993 88 88 
Q: 822 27893 174 174 
Q: 3828 7265 118 118 
Q: 2077 23268 47 47 
Q: 1863 200323 174 174 
Q: 137 11180 136 136 
Q: 2077 18958 47 47 
Q: 641 33914 82 82 
Q: 122 27339 54 54 
Q: 1682 42823 99 99 
Q: 3828 109154 118 118 
Q: 27 20660 27 27 
Q: 1682 38217 99 99 
Q: 1863 150 174 174 
Q: 2460 10694 163 163 
Q: 116 47165 93 93 
Q: 1682 20330 99 99 
Q: 2460 70954 163 163 
Q: 416 35810 88 88 
Q: 1863 70648 174 174 
Q: 2077 56801 47 47 
Q: 2460 65597 163 163 
Q: 122 7508 54 54 
Q: 27 54104 27 27 
Q: 3828 192671 118 118 
Q: 137 23411 136 136 
Q: 305 43455 162 162 
Q: 116 113057 93 93 
Q: 2460 33733 163 163 
Q: 638 113688 140 140 
Q: 822 39524 174 174 
Q: 1863 134698 174 174 
Q: 62 4914 128 128 
Q: 1863 89164 174 174 
Q: 416 96797 88 88 
Q: 822 64911 174 174 
Q: 305 90122 162 162 
Q: 641 44693 82 82 
Q: 641 1753 82 82 
Q: 2460 58219 163 163 
Q: 3730 22080 178 178 
Q: 641 32149 82 82 
Q: 638 5249 140 140 
Q: 641 4911 82 82 
Q: 105 17742 136 136 
Q: 70 89892 155 155 
Q: 3730 65810 178 178 
Q: 305 22298 162 162 
Q: 638 179826 140 140 
Q: 105 48225 136 136 
Q: 594 3792 117 117 
Q: 2077 5146 47 47 
Q: 3828 14356 118 118 
Q: 137 7448 136 136 
Q: 822 8692 174 174 
Q: 641 4977 82 82 
Q: 1863 10815 174 174 
Q: 145 155523 39 39 
Q: 105 7555 136 136 
Q: 70 4914 155 155 
Q: 305 185236 162 162 
Q: 3730 7802 178 178 
Q: 3730 24937 178 178 
Q: 122 1647 54 54 
Q: 27 4914 27 27 
Q: 70 4912 155 155 
Q: 27 5986 27 27 
Q: 62 10200 128 128 
Q: 594 141596 117 117 
Q: 594 255 117 117 
Q: 1863 72932 174 174 
Q: 3730 133892 178 178 
Q: 2460 139779 163 163 
Q: 145 44056 39 39 
Q: 3730 2762 178 178 
Q: 122 143497 54 54 
Q: 638 6975 140 140 
Q: 70 52880 155 155 
Q: 62 680 128 128 
Q: 416 44287 88 88 
Q: 1863 14813 174 174 
Q: 105 20364 136 136 
Q: 416 7449 88 88 
Q: 62 4911 128 128 
Q: 305 54663 162 162 
Q: 2077 31 47 47 
Q: 2460 108413 163 163 
Q: 594 3647 117 117 
Q: 145 26518 39 39 
Q: 105 22765 136 136 
Q: 137 10604 136 136 
Q: 305 150679 162 162 
Q: 62 204576 128 128 
Q: 641 47203 82 82 
Q: 137 7445 136 136 
Q: 105 166101 136 136 
Q: 3730 201035 178 178 
Q: 638 5726 140 140 
Q: 1682 48249 99 99 
Q: 641 99551 82 82 
Q: 594 172085 117 117 
Q: 1682 13933 99 99 
Q: 116 55 93 93 
Q: 62 185265 128 128 
Q: 641 36547 82 82 
Q: 137 5321 136 136 
Q: 3828 164430 118 118 
Q: 416 4912 88 88 
Q: 3828 13044 118 118 
Q: 416 7399 88 88 
Q: 822 39734 174 174 
Q: 62 4914 128 128 
Q: 594 73349 117 117 
Q: 822 2026 174 174 
Q: 122 23334 54 54 
Q: 1863 171662 174 174 
Q: 638 17341 140 140 
Q: 1682 48243 99 99 
Q: 105 42909 136 136 
Q: 3828 7458 118 118 
Q: 2077 37637 47 47 
Q: 3828 109171 118 118 
Q: 416 2981 88 88 
Q: 3828 23171 118 118 
Q: 116 100162 93 93 
Q: 145 48239 39 39 
Q: 2077 74097 47 47 
Q: 305 69498 162 162 
Q: 1863 167412 174 174 
Q: 70 4914 155 155 
Q: 62 74 128 128 
Q: 2077 42743 47 47 
Q: 641 176451 82 82 
Q: 70 171235 155 155 
Q: 137 85 136 136 
Q: 638 1056 140 140 
Q: 1863 27077 174 174 
Q: 416 47140 88 88 
Q: 1682 328 99 99 
Q: 116 159729 93 93 
Q: 416 4879 88 88 
Q: 116 20658 93 93 
Q: 105 20691 136 136 
Q: 2460 5605 163 163 
Q: 416 4912 88 88 
Q: 27 198915 27 27 
Q: 416 172774 88 88 
Q: 3828 7264 118 118 
Q: 105 7517 136 136 
Q: 3730 194629 178 178 
Q: 27 18253 27 27 
Q: 137 57937 136 136 
Q: 137 47206 136 136 
Q: 122 3587 54 54 
Q: 145 26491 39 39 
Q: 822 194722 174 174 
Q: 27 4911 27 27 
Q: 145 26524 39 39 
Q: 62 24201 128 128 
Q: 116 34274 93 93 
Q: 3828 23229 118 118 
Q: 145 5488 39 39 
Q: 638 23286 140 140 
Q: 3730 57740 178 178 
Q: 145 48234 39 39 
Q: 822 89614 174 174 
Q: 3828 44261 118 118 
Q: 638 166688 140 140 
Q: 3828 28959 118 118 
Q: 305 71646 162 162 
Q: 1863 164731 174 174 
Q: 416 23624 88 88 
Q: 116 63599 93 93 
Q: 70 115906 155 155 
Q: 145 25086 39 39 
Q: 641 47238 82 82 
Q: 3730 133420 178 178 
Q: 1682 7425 99 99 
Q: 2077 7344 47 47 
Q: 137 7341 136 136 
Q: 3730 89643 178 178 
Q: 70 159 155 155 
Q: 116 5109 93 93 
Q: 27 48484 27 27 
Q: 145 4912 39 39 
Q: 137 175679 136 136 
Q: 122 4914 54 54 
Q: 1682 96567 99 99 
Q: 105 4911 136 136 
Q: 1863 633 174 174 
Q: 822 167484 174 174 
Q: 305 18419 162 162 
Q: 1863 62488 174 174 
Q: 137 63371 136 136 
Q: 3730 142491 178 178 
Q: 70 110984 155 155 
Q: 2460 44326 163 163 
Q: 145 48226 39 39 
Q: 594 35311 117 117 
Q: 2460 69334 163 163 
Q: 145 5997 39 39 
Q: 145 62752 39 39 
Q: 116 633 93 93 
Q: 27 119316 27 27 
Q: 70 9294 155 155 
Q: 105 48252 136 136 
Q: 1863 51378 174 174 
Q: 638 34335 140 140 
Q: 70 4911 155 155 
Q: 416 15199 88 88 
Q: 137 7439 136 136 
Q: 137 47241 136 136 
Q: 62 58840 128 128 
Q: 1682 63323 99 99 
Q: 822 16704 174 174 
Q: 2077 192618 47 47 
Q: 145 10630 39 39 
Q: 305 11211 162 162 
Q: 2077 86180 47 47 
Q: 3828 72952 118 118 
Q: 594 7430 117 117 
Q: 594 23537 117 117 
Q: 822 96000 174 174 
Q: 2077 4912 47 47 
Q: 105 14159 136 136 
Q: 137 3789 136 136 
Q: 122 7371 54 54 
Q: 594 48601 117 117 
Q: 62 4911 128 128 
Q: 416 12313 88 88 
Q: 641 4911 82 82 
Q: 305 194951 162 162 
Q: 2077 142301 47 47 
